517
518
519
518
518
520
520
517
518
518
519
518
519
519
518
518
519
519
518
519
519
519
520
520
519
518
517
518
519
518
519
519
519
519
519
518
519
520
519
519
518
520
519
518
519
520
519
519
519
519
518
520
521
519
519
521
520
520
519
521
521
520
520
520
520
519
521
520
519
520
521
520
518
520
520
520
519
521
520
519
520
518
519
520
520
520
518
520
521
520
519
520
519
519
519
520
520
518
519
520
520
521
521
520
519
520
521
520
520
521
520
521
519
521
522
520
521
520
520
520
520
520
520
520
520
521
519
518
521
520
519
520
520
519
520
521
520
520
521
520
519
520
522
520
519
520
521
520
520
521
521
519
520
520
521
519
520
521
519
520
521
521
519
520
522
520
520
521
522
519
521
521
521
518
521
522
520
520
520
521
519
521
522
521
520
521
521
520
520
522
521
520
521
521
521
520
521
521
520
521
522
520
521
521
521
520
521
521
522
520
521
522
521
521
521
521
520
521
522
520
520
521
521
521
519
521
522
521
521
523
521
521
522
522
520
521
522
521
521
522
522
521
521
522
523
521
522
522
521
521
522
522
521
521
522
522
521
522
523
522
522
523
522
523
522
523
522
521
523
523
520
522
522
522
522
523
523
522
521
523
522
522
522
523
522
522
523
523
522
522
524
523
522
523
523
521
522
523
523
522
523
523
522
523
523
523
522
523
523
523
523
524
533
600
638
628
608
597
596
591
580
562
546
533
523
518
514
511
510
511
511
510
510
510
511
510
512
511
511
511
512
511
509
511
512
511
511
511
512
511
558
905
999
1000
1002
999
998
1001
1000
998
1001
999
1000
955
798
685
608
556
524
505
492
483
479
475
472
472
470
468
468
468
468
466
467
467
466
465
466
466
466
467
481
585
763
971
1001
1000
1000
1001
1000
998
1002
1003
999
1000
1001
1000
999
999
904
743
626
550
499
465
447
434
425
419
416
416
415
415
415
415
414
413
414
412
413
413
413
413
414
414
413
414
415
415
415
415
415
416
416
416
417
417
417
419
418
418
418
419
419
417
420
420
420
420
421
422
422
422
423
423
422
425
425
425
425
426
426
426
427
427
426
427
429
429
428
429
430
430
430
430
431
430
431
432
432
432
433
434
434
435
435
435
434
436
436
434
436
437
438
436
436
439
438
439
440
441
441
441
442
442
442
443
443
442
442
444
445
445
446
446
447
447
452
466
483
499
532
596
686
799
940
1001
999
1002
1002
999
1000
1002
896
734
622
550
504
474
457
447
438
434
432
430
428
429
429
429
428
429
429
428
429
448
619
933
1002
1001
999
1001
1002
1000
931
850
761
661
576
516
476
449
432
423
416
413
410
408
407
407
407
407
405
407
408
407
407
408
419
653
1001
1001
998
999
1002
1002
1000
1001
985
781
636
539
478
439
415
400
392
385
381
380
378
376
377
377
376
376
376
376
389
595
1002
999
999
999
1000
998
1001
1001
997
1000
1003
856
728
625
533
463
414
384
363
350
341
338
336
333
333
333
333
331
333
370
617
1001
1002
999
998
1001
1001
999
1000
1003
898
719
575
471
404
360
336
322
312
304
300
298
296
295
293
293
293
296
296
296
298
299
298
297
299
300
300
301
302
303
303
303
306
306
305
308
309
309
310
312
312
312
313
316
315
315
317
319
319
319
321
321
320
323
324
324
325
327
329
326
329
331
331
331
332
331
333
334
336
338
337
339
340
340
340
342
341
341
343
345
348
348
347
349
350
352
350
352
354
355
355
357
357
356
357
359
361
360
361
363
363
364
366
363
364
367
368
368
368
370
370
370
371
374
373
374
375
376
377
377
379
379
380
380
382
382
382
383
384
383
385
386
387
388
388
388
388
390
391
391
391
392
393
393
395
396
396
396
396
398
398
398
399
400
398
400
402
402
401
403
405
405
405
406
406
405
406
408
408
409
409
410
410
411
412
411
412
413
414
414
414
416
416
416
416
417
418
417
419
420
420
420
422
421
420
422
423
423
423
425
424
426
426
427
426
426
427
428
428
429
430
430
430
431
432
432
432
432
432
432
433
435
435
434
436
437
436
437
437
438
438
439
440
440
441
440
440
440
441
443
440
442
443
443
444
444
444
445
445
445
446
446
446
448
449
447
448
449
448
449
449
450
450
451
451
452
452
452
452
452
452
453
454
454
455
455
456
455
456
457
456
457
457
458
458
458
458
459
458
459
460
460
460
462
461
461
462
462
462
462
463
463
462
464
465
465
464
465
466
465
465
467
466
466
467
467
467
468
468
468
467
469
469
469
470
470
471
469
471
471
472
469
472
472
472
472
473
472
472
473
474
473
473
475
475
475
475
476
475
475
475
476
477
477
478
477
476
476
478
479
478
479
479
480
479
480
479
478
479
480
480
480
481
482
480
482
482
480
481
483
483
483
482
484
484
483
484
483
483
483
484
485
484
485
486
485
486
486
486
485
486
487
487
486
487
488
488
487
488
488
486
488
489
488
488
489
489
490
487
490
490
489
489
489
490
490
491
492
491
491
492
492
491
491
492
491
492
493
493
492
493
493
492
492
493
494
493
494
496
495
494
494
494
494
495
496
495
495
495
496
495
495
496
497
495
497
497
498
497
497
497
497
496
498
496
497
497
498
498
498
499
499
499
499
499
500
497
500
500
499
499
500
500
499
499
500
500
500
500
501
500
500
502
501
500
501
500
501
502
502
502
501
502
503
500
501
502
502
502
502
503
503
502
504
503
503
503
504
504
503
503
505
504
504
505
504
504
505
505
505
503
505
505
505
505
506
505
505
505
506
505
505
506
506
506
505
507
506
505
506
505
506
506
507
508
506
506
507
507
507
507
508
507
508
508
509
508
508
509
507
508
508
509
508
508
509
508
508
509
509
508
508
509
509
509
509
509
509
509
510
509
508
509
511
509
507
511
511
510
510
511
510
509
511
512
511
511
511
511
510
510
512
512
510
511
512
511
511
512
511
510
511
513
512
512
512
513
511
511
512
512
511
513
513
512
512
511
513
512
513
512
510
513
513
513
513
513
514
514
513
513
514
512
514
515
514
513
514
514
513
513
515
514
513
514
514
514
513
514
515
514
514
515
515
513
515
515
515
514
515
516
514
515
515
515
514
516
515
515
515
516
515
513
514
515
515
515
516
517
515
516
516
516
515
516
516
516
516
516
516
515
516
517
517
515
516
518
516
517
517
516
516
517
517
517
516
518
515
516
517
517
517
515
517
517
516
517
518
517
516
517
518
517
517
519
518
517
518
518
518
517
518
519
518
518
518
518
517
518
519
518
517
518
518
517
518
519
518
518
519
519
519
518
519
518
517
518
517
518
518
519
520
518
518
519
519
518
519
519
518
519
519
519
518
519
519
518
518
520
519
518
520
519
518
518
519
519
518
519
520
520
518
520
520
520
519
520
521
517
519
520
520
519
520
521
519
519
521
520
519
520
520
520
520
521
521
519
520
520
520
520
520
521
521
520
521
520
519
521
520
521
520
521
521
519
521
521
521
520
521
520
521
520
521
519
520
520
521
521
520
521
522
520
520
521
521
520
521
521
521
521
522
521
520
522
521
521
520
521
522
521
521
521
521
521
522
522
521
521
522
521
520
521
522
521
521
522
522
521
519
521
522
521
522
521
522
521
522
522
521
521
521
521
522
521
522
522
522
523
522
521
521
521
521
522
522
522
521
521
523
523
521
522
522
522
522
523
523
521
522
523
521
522
523
523
519
523
522
522
522
523
523
521
521
522
522
522
523
523
522
523
523
523
521
522
523
523
522
522
522
522
522
523
523
522
522
523
522
522
523
523
522
522
523
523
522
523
523
521
522
522
523
523
523
523
522
522
523
524
521
524
523
523
523
523
523
523
524
523
522
522
523
523
523
523
523
524
523
523
524
522
523
523
524
523
523
524
523
523
523
524
523
523
524
523
523
524
524
523
524
523
524
522
523
524
524
523
524
524
522
523
524
524
523
522
525
524
523
524
524
523
523
524
523
523
524
523
522
523
524
524
523
524
524
524
523
525
524
523
524
525
524
524
523
524
523
523
524
524
523
524
524
524
523
524
524
523
524
524
524
523
525
525
523
524
524
524
522
524
524
524
524
525
525
524
523
524
523
523
524
524
524
525
525
524
522
524
524
524
522
524
524
525
525
525
524
523
524
524
523
524
525
525
523
525
524
524
523
525
525
524
524
525
524
523
525
524
524
524
525
524
523
524
525
524
524
524
525
523
524
524
524
523
525
524
524
524
524
524
524
523
525
525
523
524
524
524
523
524
525
524
525
525
523
525
524
524
524
524
524
525
524
524
524
524
525
524
525
524
525
524
524
524
525
525
523
524
525
524
524
525
524
523
523
525
525
523
525
525
524
524
525
525
524
524
525
525
523
525
526
524
524
524
525
523
525
526
524
525
526
524
523
523
524
524
524
525
524
524
525
525
524
524
525
525
524
525
525
525
523
523
524
524
524
524
525
523
524
525
525
523
524
524
524
523
525
525
523
524
525
525
525
524
525
524
523
525
523
523
524
524
525
523
524
524
524
523
524
524
523
525
525
524
524
526
524
524
524
525
524
524
525
525
524
524
525
525
523
524
524
525
524
525
525
523
524
524
525
524
524
525
524
524
525
525
523
524
524
523
524
526
525
524
524
525
525
523
525
525
524
524
525
525
523
524
525
524
523
525
525
523
524
525
525
524
525
526
523
524
525
525
524
526
525
524
525
525
526
523
525
525
524
524
525
525
524
525
525
525
524
525
525
524
524
526
525
524
524
526
526
525
525
525
524
525
526
526
524
526
525
524
524
526
525
524
525
525
526
525
525
525
524
524
525
525
523
525
526
525
525
525
525
524
525
525
525
524
525
525
524
525
526
525
524
525
525
524
524
525
526
525
524
525
525
525
526
525
525
525
527
526
524
526
525
524
524
526
525
524
525
525
526
525
525
526
524
525
526
526
525
525
526
524
525
525
525
524
525
526
526
524
524
526
525
525
526
526
524
525
526
526
524
525
526
525
524
525
525
526
525
523
524
524
525
525
524
524
526
525
525
526
526
525
525
526
526
525
525
526
525
525
526
525
525
525
526
525
525
526
526
525
526
526
526
525
525
525
525
524
526
526
525
526
526
525
523
527
527
526
525
527
525
525
526
526
525
525
526
527
525
527
527
526
525
526
526
525
526
526
526
525
525
526
525
525
526
526
525
526
526
526
525
526
526
525
526
524
525
525
525
525
524
525
526
526
525
526
527
525
525
526
526
525
525
525
526
525
525
525
526
524
526
526
525
525
526
525
524
525
525
524
525
526
526
525
525
526
526
525
526
526
522
525
525
525
524
525
526
524
525
527
526
525
526
526
524
524
525
526
524
526
526
525
524
526
525
524
524
526
526
525
525
525
525
524
525
525
525
525
526
526
525
526
526
524
526
526
525
525
525
526
525
525
526
525
524
525
525
524
525
526
526
524
525
527
526
526
525
525
524
525
526
526
525
526
527
525
524
526
526
525
526
527
526
525
525
526
526
525
526
526
524
524
526
525
525
525
526
524
525
526
525
525
525
525
525
526
526
526
524
526
526
527
524
525
526
525
525
525
525
525
526
525
524
525
526
525
525
524
525
525
525
526
526
524
526
526
526
525
525
525
525
525
526
525
525
525
525
525
525
526
526
525
525
526
526
525
526
526
526
525
526
525
524
526
526
525
524
525
527
526
524
526
526
526
526
526
526
525
525
526
524
524
524
526
525
526
526
525
525
526
526
524
525
525
525
525
526
526
524
526
526
525
525
526
526
525
525
526
526
525
526
525
525
525
526
526
525
525
526
526
525
526
526
525
525
526
525
523
526
526
526
525
526
525
525
526
526
526
525
525
525
524
525
527
525
524
525
527
527
525
526
525
525
525
526
525
525
525
526
525
526
526
525
525
526
526
526
525
526
525
525
525
526
526
525
526
525
525
525
526
526
525
525
525
524
526
526
525
524
524
525
525
525
526
526
525
526
526
526
526
526
526
525
526
526
526
524
525
526
526
525
525
527
525
525
526
526
525
525
526
525
525
525
526
524
525
526
526
525
525
525
524
525
526
525
524
525
525
525
525
526
526
525
525
526
526
526
526
526
524
525
525
525
524
525
526
525
525
525
526
525
526
526
525
525
525
526
525
525
526
525
524
525
525
525
526
525
526
524
525
526
525
525
526
526
525
525
526
526
524
525
527
525
525
526
525
525
525
525
525
524
525
525
525
524
526
526
524
525
525
524
525
525
525
524
524
525
525
525
526
526
525
524
526
525
525
525
525
525
525
526
526
524
525
525
525
525
525
524
526
525
526
525
523
524
526
526
525
526
526
525
524
525
526
525
526
525
524
525
526
525
524
525
524
525
525
525
526
524
525
526
526
525
525
526
524
525
527
525
525
526
526
526
523
525
525
525
525
526
526
526
525
526
526
525
526
525
525
526
525
526
526
526
526
525
526
526
526
525
525
526
525
525
526
526
525
525
526
526
524
526
525
525
525
526
525
524
526
523
525
525
526
526
526
525
526
526
526
526
526
524
525
526
526
525
526
526
525
525
526
525
525
525
526
525
525
526
526
524
525
526
526
525
526
525
525
526
526
526
525
525
526
526
525
525
525
524
525
527
526
524
526
527
525
525
526
525
525
525
526
525
524
526
526
525
526
526
525
524
526
525
525
526
527
525
525
525
526
525
525
525
526
526
526
524
525
525
525
526
525
525
526
526
525
525
526
525
525
526
526
525
525
526
526
525
526
526
524
525
525
525
525
525
526
525
524
526
527
525
525
526
526
525
526
526
526
525
526
526
523
526
526
526
525
526
526
525
526
527
525
524
526
525
525
525
526
527
526
525
526
525
526
526
526
525
525
526
525
525
525
525
525
525
526
526
525
525
526
526
526
526
526
525
525
526
525
525
525
525
525
525
526
526
525
525
526
525
525
526
526
525
525
526
526
524
526
526
526
525
526
526
525
526
526
525
525
525
527
525
526
526
526
524
526
526
525
525
525
526
524
525
526
526
525
525
526
525
525
526
526
524
526
526
526
525
526
526
525
525
526
525
525
526
526
526
526
527
526
525
525
526
525
526
526
525
525
526
527
525
525
525
527
526
526
527
526
525
525
526
526
525
526
526
525
526
526
526
525
525
525
525
525
526
526
525
525
526
526
525
525
525
526
525
526
526
525
526
526
524
525
526
526
525
525
526
526
526
526
526
525
525
526
525
526
525
526
525
525
526
526
525
525
525
525
524
525
525
524
525
526
525
524
525
525
525
525
526
526
525
525
526
525
524
525
525
524
525
526
525
524
525
525
524
525
526
526
525
524
525
524
525
525
524
524
524
525
525
524
526
525
525
524
525
525
523
524
525
525
525
526
525
524
525
526
524
524
524
524
524
524
524
525
523
524
524
524
524
525
526
525
525
526
525
524
524
526
524
524
524
524
523
524
525
524
524
525
525
523
524
525
525
524
524
526
525
524
525
525
523
525
525
524
524
525
526
523
524
525
524
524
524
525
524
525
525
525
523
524
525
524
524
525
525
524
525
525
524
523
524
524
524
525
526
524
523
525
525
524
523
525
523
523
524
525
524
522
524
524
524
524
524
523
523
524
524
524
524
524
524
524
525
525
524
523
524
525
524
524
524
524
523
523
525
524
524
525
524
523
524
525
524
523
524
525
524
524
524
525
523
524
522
524
524
524
524
523
524
525
525
523
524
524
524
524
525
526
524
524
525
525
523
524
524
524
523
525
524
523
524
525
523
524
525
524
523
524
525
523
523
524
524
524
524
524
525
523
525
526
524
524
524
524
523
524
525
524
524
524
525
523
523
525
525
523
524
524
524
524
525
524
523
525
525
524
523
524
525
524
524
524
525
523
524
525
524
523
523
524
524
524
525
524
524
525
524
524
524
525
524
523
525
525
524
524
525
524
524
524
525
524
523
524
525
524
524
524
524
523
525
525
524
524
525
525
523
524
525
524
524
524
525
523
524
525
525
523
524
524
525
524
524
525
523
524
524
525
524
524
524
524
524
525
525
523
525
524
524
523
525
523
523
524
525
525
524
525
525
525
524
525
525
523
524
525
524
524
525
524
523
524
524
524
524
524
526
524
524
525
524
523
524
524
524
523
524
525
524
524
525
524
523
524
524
524
525
523
524
524
524
525
524
524
525
525
524
524
525
525
524
524
524
524
524
524
525
524
524
524
524
525
525
525
523
523
524
524
525
525
524
524
524
524
525
524
525
524
524
524
526
525
523
524
525
524
523
524
523
524
523
524
524
523
524
524
525
524
525
525
524
525
525
525
524
524
525
523
524
524
525
523
525
525
524
524
525
524
523
524
524
525
525
524
525
523
524
524
524
523
524
524
525
523
525
525
524
523
525
525
524
525
525
524
525
525
526
523
524
524
525
524
525
525
523
524
524
524
523
524
524
524
525
526
525
524
524
525
525
524
524
524
524
523
526
524
523
525
524
524
524
525
525
523
525
525
525
524
524
524
524
525
525
525
523
525
525
524
524
525
525
523
524
524
524
524
524
525
524
525
525
525
524
524
525
524
525
525
523
523
524
525
525
523
525
525
524
524
525
525
524
524
525
524
524
525
525
523
525
525
525
524
525
525
524
524
526
524
523
524
524
524
524
526
525
523
525
525
522
524
525
524
524
522
525
525
524
524
525
524
525
524
524
523
525
525
524
523
525
525
524
524
525
525
523
524
524
524
524
524
525
524
524
525
524
524
524
525
524
525
526
525
524
522
526
524
525
524
525
524
524
526
524
524
524
525
523
524
525
525
523
524
525
525
524
524
525
524
525
525
524
524
524
524
524
524
525
523
523
524
524
524
524
525
525
524
524
525
525
524
525
525
525
525
525
525
524
523
525
524
524
524
525
525
525
525
524
525
526
525
524
524
524
524
523
524
525
524
524
525
524
524
524
526
524
525
525
524
525
524
524
524
523
524
524
524
524
525
525
525
524
525
525
524
524
525
524
525
525
525
523
524
524
524
525
526
525
523
524
524
525
524
524
526
525
525
526
525
523
525
525
525
524
525
525
524
524
525
524
523
524
525
523
524
525
524
524
524
525
526
524
524
525
524
524
526
524
524
524
525
524
525
526
525
524
524
526
524
524
524
525
524
524
524
524
524
524
525
524
525
525
525
523
525
525
525
524
525
525
524
524
525
525
524
524
525
524
525
525
525
523
525
525
524
525
525
525
524
526
525
525
524
525
525
524
524
525
525
523
524
525
524
524
525
525
525
525
526
524
523
525
525
525
526
525
525
524
525
525
524
524
525
525
524
525
526
525
524
525
525
524
525
526
525
524
525
525
526
523
524
526
525
525
525
525
525
525
525
525
525
525
526
525
525
525
524
524
525
525
524
524
525
525
524
524
524
525
525
525
525
524
525
525
526
524
525
525
525
525
525
525
525
525
523
525
525
525
526
525
524
526
525
524
525
525
525
525
525
526
524
525
525
525
525
525
526
525
526
526
525
525
525
526
525
525
525
526
525
526
525
524
524
525
525
525
525
526
526
525
525
525
525
525
526
525
525
525
526
526
525
526
525
525
525
527
526
525
525
526
526
527
526
526
524
525
526
525
526
526
526
525
525
526
525
525
526
526
525
525
526
525
524
524
524
524
523
524
525
524
524
525
524
523
524
524
523
524
526
526
524
524
524
525
524
524
525
523
523
525
525
523
525
524
524
524
525
525
523
523
524
525
524
524
525
524
524
525
524
523
524
524
524
524
524
524
523
523
525
524
524
525
524
524
524
526
525
523
524
525
524
524
526
524
524
525
525
524
524
523
525
524
524
526
525
525
525
525
524
525
525
524
524
524
524
525
524
526
525
524
524
525
525
524
525
524
524
525
525
525
523
524
526
524
524
525
526
524
524
525
525
524
524
525
523
525
525
524
524
525
525
525
524
525
524
525
525
526
526
524
525
524
525
525
526
525
524
524
525
526
524
525
525
524
524
525
525
525
525
525
524
524
526
523
524
525
526
525
525
526
525
524
525
526
525
524
524
525
524
525
525
526
524
524
525
525
525
525
525
524
525
526
525
525
525
525
525
525
525
526
524
525
527
525
524
525
525
524
523
526
525
525
525
525
525
524
525
526
524
525
526
525
524
525
526
524
524
526
525
525
525
525
525
525
525
525
525
525
525
525
524
525
526
525
524
526
524
524
524
525
525
524
525
526
524
526
526
525
524
525
525
524
525
526
525
524
524
525
525
525
525
525
524
524
525
526
524
525
525
525
524
526
525
524
525
525
525
524
525
525
524
524
525
523
524
525
525
524
525
525
524
523
524
524
525
524
525
526
524
525
526
525
525
525
526
525
525
525
525
523
525
526
524
525
525
526
525
526
526
525
525
525
526
524
524
525
525
523
525
525
525
525
525
525
525
524
526
526
524
525
524
524
525
525
526
523
524
525
525
525
525
525
524
525
525
525
525
525
525
524
524
525
524
524
525
525
524
525
525
526
524
524
526
524
524
524
525
524
525
525
525
524
524
525
524
525
525
526
524
524
525
525
524
524
524
525
525
526
525
524
525
525
524
524
525
525
525
524
524
525
524
525
525
524
525
526
526
524
525
526
524
525
525
524
524
524
525
525
524
525
525
525
524
525
526
524
524
524
525
525
526
525
524
524
525
525
524
525
525
524
525
525
525
522
524
525
525
524
524
525
524
524
526
525
524
524
524
524
524
526
525
523
524
524
524
525
525
525
524
524
525
524
523
524
525
525
524
526
525
524
525
525
525
523
524
525
524
524
524
526
524
524
525
524
524
525
525
524
525
526
524
525
525
525
524
524
524
524
525
525
524
525
524
525
525
523
524
525
524
525
525
525
524
523
525
525
524
525
525
524
525
525
524
524
524
525
524
525
525
525
525
525
525
525
524
524
525
525
524
525
526
525
524
524
525
524
524
525
523
524
525
525
524
525
525
524
524
524
525
524
524
526
524
524
525
524
524
525
526
525
523
524
525
524
524
525
525
524
524
525
525
524
525
525
524
524
525
525
524
524
525
525
524
524
524
524
524
525
525
524
525
524
525
524
525
525
524
524
524
524
524
525
525
524
525
526
525
524
524
525
523
524
525
526
524
525
525
524
524
525
525
524
524
526
524
524
524
524
525
525
524
524
524
524
526
525
524
524
525
523
524
525
525
524
525
524
524
524
524
525
523
524
525
524
524
524
524
523
524
525
525
524
525
525
524
525
526
523
524
525
525
524
523
525
525
524
524
524
524
524
524
524
524
524
525
525
523
525
525
525
524
524
524
523
524
525
525
523
524
525
524
523
525
525
524
525
526
522
524
524
525
523
522
525
525
524
523
525
524
524
524
525
524
525
525
524
524
524
525
524
524
524
524
524
525
525
524
524
525
524
524
525
525
525
525
524
525
523
525
526
524
525
524
525
524
524
525
523
523
524
525
524
524
524
525
524
524
525
525
524
524
524
524
523
524
524
523
524
524
525
524
525
525
524
524
525
524
524
525
525
524
524
525
524
524
524
524
524
524
524
525
524
525
526
526
524
524
524
524
523
525
526
524
525
525
525
524
524
525
524
524
524
525
524
524
524
525
524
525
525
523
524
525
524
524
524
525
523
523
525
524
524
524
526
524
525
525
524
523
524
525
524
524
525
524
524
524
525
524
523
523
524
524
524
525
524
523
524
524
525
523
525
524
523
525
524
525
524
524
524
524
524
525
524
523
524
524
525
524
524
524
524
524
524
524
524
524
525
524
524
524
524
523
524
525
525
524
524
525
524
524
525
525
523
524
524
524
524
524
525
522
524
525
525
524
524
524
524
524
524
524
523
524
524
524
523
526
525
524
524
525
525
523
524
524
523
523
525
525
523
524
524
524
523
525
525
523
524
525
524
523
524
524
523
523
524
523
523
524
524
524
524
524
523
523
524
524
524
523
524
524
523
523
524
524
524
523
524
524
523
524
524
523
524
525
523
523
523
524
525
525
524
525
523
523
524
523
523
524
524
523
524
525
524
524
525
525
524
524
525
525
524
524
526
524
525
525
524
523
524
525
524
524
524
525
524
524
525
525
524
524
524
524
523
525
525
524
523
525
524
524
524
525
523
524
524
524
522
523
524
524
523
525
525
524
524
525
524
524
524
524
523
524
524
524
523
523
524
524
523
523
524
523
524
524
525
523
524
524
523
523
524
524
523
523
525
524
524
524
524
523
523
524
523
523
524
524
524
524
524
524
524
523
525
524
523
524
524
524
524
524
524
523
524
524
524
523
525
525
523
523
526
524
523
525
525
524
523
524
524
523
524
525
524
523
524
524
523
524
524
524
524
524
524
524
525
525
526
524
524
525
524
523
524
524
523
523
524
524
523
523
524
523
523
524
524
523
524
525
524
523
524
524
523
523
524
524
524
524
525
524
523
524
523
524
524
525
524
523
524
524
523
524
525
524
523
524
525
525
524
525
525
523
524
525
523
523
524
525
523
524
525
525
523
524
525
524
524
525
525
523
524
525
525
523
525
524
524
525
526
525
525
526
525
525
525
525
525
524
525
525
525
524
525
526
524
524
524
525
524
523
524
524
523
524
524
522
523
524
524
524
524
524
523
524
524
524
522
523
524
523
524
524
524
524
523
524
524
525
525
524
524
524
525
524
523
524
525
523
522
524
524
523
524
524
524
523
523
525
523
523
524
524
523
524
524
523
523
524
524
523
523
524
523
522
523
524
522
523
524
524
523
524
525
523
523
524
524
523
521
524
523
523
524
523
522
523
524
525
522
524
524
523
524
524
524
523
523
524
524
523
523
524
523
522
525
524
523
523
525
524
524
524
525
523
524
525
524
523
524
524
523
523
524
525
523
524
524
523
523
524
525
523
524
526
524
523
524
524
524
524
524
524
523
524
525
524
522
524
525
523
523
525
524
523
524
525
523
523
524
524
523
523
524
524
523
525
524
523
523
524
524
523
524
524
524
523
525
524
523
524
524
524
524
524
524
524
523
525
524
524
525
524
524
524
524
525
524
524
525
524
524
523
524
522
524
525
524
523
523
524
525
524
524
524
524
524
525
525
524
524
524
524
523
525
524
524
525
525
524
523
524
525
524
525
525
526
525
524
525
524
525
525
523
524
524
525
523
523
525
524
523
525
526
524
524
526
525
524
524
525
524
524
524
525
525
524
525
525
524
525
525
525
524
524
526
524
525
525
525
525
525
525
523
524
525
525
522
524
525
525
523
525
524
523
522
525
525
523
524
524
524
524
524
524
523
524
525
524
524
524
525
524
523
525
525
523
524
524
524
523
525
525
523
524
525
524
524
524
525
523
523
524
525
524
524
524
524
525
525
524
524
524
526
524
524
524
525
524
524
525
525
523
524
525
523
523
524
525
524
524
524
525
523
524
524
524
523
525
524
523
524
524
524
523
524
524
524
523
525
524
524
525
524
524
524
525
525
523
524
525
524
524
524
525
523
524
524
524
523
524
525
523
524
525
524
522
524
524
524
523
524
525
523
524
525
524
523
523
524
524
524
524
524
524
524
525
524
524
524
524
524
523
525
524
524
525
525
523
524
524
524
524
523
524
525
522
524
524
523
523
524
524
523
524
525
523
523
524
524
523
523
524
524
523
524
525
524
523
524
524
523
524
524
523
523
524
525
523
524
525
523
524
523
525
524
522
525
524
523
524
523
523
523
524
525
522
523
524
525
523
524
525
524
524
525
525
523
524
525
523
523
523
525
523
523
524
524
522
523
524
524
523
524
525
523
523
524
524
523
525
523
523
524
524
524
521
524
524
524
523
525
524
523
524
525
523
523
524
524
524
524
524
524
523
524
524
524
524
525
524
523
523
524
524
523
524
524
523
523
525
525
523
524
524
523
522
525
524
523
524
524
523
524
524
524
522
523
525
524
523
524
524
523
523
525
526
522
524
524
525
523
525
525
523
524
525
524
524
523
524
524
523
525
525
523
524
524
523
523
523
524
524
524
524
524
523
524
524
523
523
524
524
523
523
524
523
524
524
525
523
523
525
524
523
524
524
523
523
524
524
523
523
524
524
523
525
524
524
523
524
524
523
524
524
524
523
524
525
523
524
524
524
523
524
524
523
524
524
524
522
523
524
523
523
524
523
524
524
525
524
523
524
526
523
523
524
524
523
524
525
523
523
524
524
522
523
525
525
523
524
524
523
523
523
524
523
524
524
524
523
525
524
523
523
524
524
523
524
524
523
522
524
524
522
523
525
524
524
522
525
523
523
524
524
522
523
524
524
523
525
524
522
523
524
523
523
524
524
523
523
524
524
523
523
524
524
524
524
525
523
524
524
523
523
524
525
523
524
523
524
523
524
524
524
523
523
524
523
523
524
524
524
524
524
523
524
524
524
523
523
524
524
524
524
523
523
523
524
524
522
523
525
523
524
524
524
524
524
525
523
523
524
524
523
524
525
524
524
524
525
524
525
525
525
524
524
524
524
523
525
525
523
524
525
524
524
524
525
524
524
526
524
524
525
525
524
524
525
524
523
524
525
524
525
525
525
524
525
525
524
523
525
525
523
523
524
525
523
524
525
523
523
525
524
524
523
524
524
523
524
524
524
524
524
524
524
524
524
524
524
524
523
524
523
525
524
524
524
525
524
524
524
525
523
524
525
524
524
524
524
524
523
524
524
523
524
524
524
525
524
525
523
524
524
524
524
525
524
523
523
524
523
522
525
525
523
523
524
524
523
524
525
524
523
524
525
524
524
524
525
523
524
524
524
523
525
524
522
523
525
524
524
524
524
523
524
524
524
523
524
526
522
523
524
524
522
523
525
524
524
524
524
523
523
524
524
522
523
524
523
523
525
524
523
523
525
524
524
524
524
523
523
524
524
522
523
524
523
524
524
523
524
524
524
524
525
522
524
523
523
524
523
523
524
524
524
522
524
524
523
523
525
524
523
524
524
524
523
524
524
522
523
524
524
523
524
524
524
524
524
524
522
523
523
523
523
525
524
522
523
524
524
523
523
525
523
523
524
524
523
523
524
523
523
524
523
523
524
524
523
523
524
525
524
523
523
524
523
524
524
523
523
523
524
522
523
524
523
523
524
524
523
522
524
523
522
523
523
524
522
524
524
522
523
524
523
522
524
524
523
522
524
523
522
523
524
523
524
524
524
523
523
524
524
522
523
524
522
522
524
524
522
523
523
524
523
523
524
523
523
523
523
522
523
524
523
523
524
524
522
523
524
523
522
523
523
523
522
524
524
522
523
524
523
522
524
524
522
523
521
523
523
523
524
523
522
523
524
522
523
523
523
523
524
523
522
522
523
522
523
523
524
522
523
524
523
522
523
523
522
522
524
524
522
522
523
523
523
523
522
522
523
524
523
522
522
523
523
522
524
524
522
522
523
523
524
524
524
523
523
524
523
522
523
523
523
523
524
523
523
522
524
523
523
524
524
522
524
524
524
522
524
524
523
523
524
523
522
524
524
525
522
524
524
523
522
524
523
522
523
524
523
522
523
524
523
523
524
523
523
523
524
523
523
524
524
522
522
524
523
523
524
523
523
524
523
524
522
524
523
522
523
524
524
522
523
523
523
523
523
524
523
523
525
523
523
523
524
522
524
524
524
523
523
524
524
523
524
524
522
523
524
523
521
524
525
523
523
524
524
523
524
524
523
523
524
524
523
522
523
524
524
524
524
524
524
524
524
523
524
524
524
524
524
525
524
526
524
525
524
526
526
522
524
526
525
524
525
523
524
525
526
525
524
525
525
525
523
523
525
524
524
526
525
523
523
525
524
523
524
523
524
523
524
524
523
525
525
524
525
524
524
524
525
526
524
524
526
697
999
1001
1000
998
998
1000
999
1000
1001
1000
1000
999
1001
1003
863
709
613
553
513
490
474
463
456
451
449
445
443
655
997
996
996
997
996
997
997
994
997
999
1000
999
1000
1002
1001
811
604
473
389
336
302
280
263
254
246
240
235
233
231
228
463
998
997
996
997
996
996
997
998
1000
998
1001
1002
1000
950
612
391
249
165
157
156
155
155
155
155
155
154
155
155
155
537
997
996
996
997
996
997
1002
1000
1000
1001
1001
745
413
200
157
155
153
151
153
152
151
152
152
152
152
151
152
151
152
157
997
998
996
994
996
998
998
999
1000
1001
998
992
539
236
155
152
152
152
151
150
150
150
150
150
151
151
150
150
151
151
152
286
997
1001
1001
998
998
998
1002
999
911
488
195
154
152
152
151
150
149
152
151
149
150
150
150
150
151
151
151
150
154
997
999
995
994
995
996
996
996
999
1002
1000
999
1001
605
222
156
151
150
150
150
149
147
150
150
150
150
148
150
150
150
149
151
149
150
150
998
997
1000
1001
999
999
1002
1001
999
1000
1002
589
218
154
151
150
150
150
149
149
149
150
149
149
149
150
148
150
150
150
149
149
561
996
996
999
997
997
1002
1001
998
1000
1002
571
164
152
151
150
151
148
148
149
149
149
147
148
148
148
149
148
149
152
997
997
997
995
995
996
997
996
998
1001
1000
999
963
358
154
150
149
148
148
147
149
148
148
149
149
148
149
149
148
149
852
997
994
995
996
997
994
995
996
996
997
1000
1001
998
597
154
150
149
149
147
148
148
147
149
148
149
149
150
148
149
148
149
148
149
148
148
147
147
148
150
149
148
148
148
148
149
148
148
148
149
150
149
148
149
149
148
148
150
147
148
148
149
148
149
149
148
149
148
149
148
149
149
148
149
149
148
148
148
148
148
148
149
148
147
149
149
148
148
148
149
148
149
148
148
149
148
148
147
148
147
148
147
147
149
148
148
149
149
149
147
148
149
147
148
148
149
148
148
149
148
148
149
148
147
149
150
148
149
149
149
149
149
149
149
150
150
150
148
151
150
151
151
149
150
149
149
150
149
150
150
150
150
150
150
150
150
150
150
150
149
151
150
150
150
151
150
150
151
151
150
150
150
150
150
149
151
150
151
150
151
151
151
151
151
150
150
150
150
151
151
151
151
151
151
150
151
152
152
152
150
150
151
151
151
151
152
151
151
153
153
152
151
151
152
151
151
151
151
152
151
151
151
151
153
152
152
151
151
152
154
151
153
152
153
153
152
152
152
152
153
152
154
154
152
154
153
152
153
154
154
153
153
153
153
153
153
153
153
153
153
152
153
154
155
153
154
154
153
154
153
153
154
155
155
153
154
155
155
154
154
155
156
155
156
155
156
155
156
155
155
155
156
155
155
156
157
155
155
156
156
154
156
156
157
156
156
156
157
157
158
158
156
157
157
159
157
158
158
157
159
159
158
158
158
160
158
158
160
160
159
159
160
160
160
161
160
161
161
161
158
162
162
162
162
162
162
162
163
163
164
164
164
165
166
166
166
168
168
170
172
171
174
175
177
179
181
183
183
185
186
188
189
192
193
193
195
199
200
199
201
204
205
206
208
209
210
212
214
215
216
219
220
221
222
224
225
225
228
229
230
231
234
234
235
238
239
240
240
243
243
245
247
249
249
249
252
253
254
254
257
258
258
260
262
262
263
265
266
267
268
271
272
270
273
274
276
275
278
279
280
281
283
283
283
286
288
288
289
291
292
292
293
295
296
295
299
299
299
301
302
303
303
305
305
305
307
309
309
309
313
314
314
314
316
317
316
319
320
321
321
322
323
324
324
326
328
327
328
330
330
330
332
333
333
335
336
338
334
338
339
339
340
340
342
342
343
345
345
345
347
349
349
349
351
352
350
353
353
354
354
357
357
355
358
359
359
359
362
361
362
363
364
364
364
366
367
367
368
369
370
369
370
370
372
371
373
374
373
375
377
377
376
379
380
378
379
381
381
382
383
384
384
384
386
386
386
386
389
389
387
389
390
390
392
392
391
392
393
394
395
394
396
397
397
398
398
399
399
400
400
400
401
403
403
402
404
404
405
405
405
406
407
408
409
408
408
409
411
411
411
412
412
412
414
414
414
415
415
415
416
416
417
418
417
418
749
996
998
999
996
995
998
1001
999
1000
1000
999
999
1003
755
596
494
431
392
366
351
342
333
328
326
323
321
329
973
998
995
996
997
994
996
996
997
998
1001
1000
998
998
1001
874
586
399
282
210
166
161
159
158
157
158
157
158
157
157
158
157
254
997
997
997
999
999
1000
1001
1001
999
1000
1002
855
545
337
206
160
158
155
152
154
155
153
155
155
153
154
154
154
155
153
154
153
266
998
998
1001
1001
999
1000
1000
1000
999
1001
703
445
265
162
157
155
154
154
153
154
153
153
153
153
153
152
154
153
154
153
156
1000
1000
999
1000
1001
999
998
1001
1000
1001
790
496
286
162
155
155
155
153
153
153
153
153
152
153
153
154
153
153
153
153
154
998
1000
1002
999
1000
1001
1001
999
1002
895
566
324
166
157
154
153
154
153
152
153
152
153
151
152
152
152
152
152
154
851
1001
1001
999
999
1001
1001
1000
1000
1000
998
1001
762
444
220
157
154
154
153
152
151
153
151
151
152
152
151
159
997
999
1000
1000
998
1001
1000
985
584
302
158
155
153
153
152
152
151
152
152
151
151
152
152
152
149
153
152
151
152
151
151
151
152
152
152
151
151
152
152
153
153
152
151
152
153
152
152
150
152
152
151
152
152
152
152
152
152
153
152
153
152
152
153
151
150
152
153
152
154
154
152
153
153
153
153
153
153
153
153
155
153
154
154
154
155
153
154
154
154
154
154
154
154
156
155
154
155
155
154
154
155
155
154
155
155
155
156
155
155
156
156
155
155
155
155
156
155
155
155
155
155
155
157
157
157
156
157
156
156
157
156
158
156
157
156
157
157
157
157
157
157
158
158
158
158
159
157
160
158
159
159
159
159
159
159
160
160
159
161
159
160
162
161
161
161
161
161
162
162
163
162
163
163
163
165
165
165
166
166
167
168
170
170
172
173
174
177
178
178
180
184
185
184
188
189
191
191
194
195
197
200
199
201
202
205
206
207
208
211
212
212
214
215
218
218
220
222
222
224
226
227
228
231
232
232
234
236
236
237
239
241
242
241
245
246
247
249
249
251
250
254
256
255
257
259
259
259
263
264
264
264
268
268
269
272
273
273
273
276
277
277
278
281
281
281
284
284
286
285
287
289
289
290
292
293
293
295
296
297
297
299
300
301
303
304
304
304
307
307
307
309
310
311
313
314
314
315
316
318
318
318
320
322
321
322
324
325
326
326
328
329
328
330
331
332
333
334
335
334
336
338
339
337
341
341
341
342
343
344
344
348
348
350
350
350
351
354
353
352
354
355
355
356
357
359
357
359
360
360
362
364
363
363
365
366
366
366
368
369
369
370
371
371
371
373
373
374
373
375
376
376
377
378
379
377
381
382
380
381
383
383
382
382
385
385
386
387
388
388
388
389
390
389
391
392
392
393
394
394
393
394
396
396
397
398
398
398
399
400
400
400
401
402
402
403
404
405
404
406
405
406
407
406
408
408
408
409
409
409
411
412
412
412
412
413
412
415
416
415
415
417
418
416
418
418
418
417
419
421
419
420
422
422
421
423
423
423
424
424
425
425
426
428
427
426
428
428
428
428
429
430
429
429
430
430
431
431
432
432
432
434
435
433
434
435
435
436
437
437
436
438
437
438
439
439
439
438
439
441
441
440
442
441
442
442
442
444
442
443
444
444
443
446
446
445
446
447
447
446
447
447
447
447
449
449
448
449
450
450
450
450
451
452
452
454
452
452
453
455
453
453
454
455
454
454
454
455
455
456
456
457
457
457
458
457
458
458
458
458
459
459
459
459
460
460
459
462
461
461
461
462
462
461
463
463
463
463
464
466
462
464
465
465
465
464
466
465
465
467
466
465
467
468
467
467
468
469
468
468
470
470
468
470
470
470
470
471
471
471
471
471
472
472
473
472
472
472
474
474
473
473
475
473
474
473
475
474
475
475
476
475
476
477
475
476
477
476
476
478
477
478
478
479
480
479
480
479
479
479
478
477
475
476
476
476
479
483
482
483
481
479
477
475
477
478
480
482
479
476
480
482
480
480
487
489
488
487
487
486
486
484
484
485
486
485
487
486
485
486
487
487
486
486
486
486
487
486
487
485
486
487
486
486
487
488
487
488
488
488
487
511
649
946
1002
1000
998
1000
1001
1000
1000
1003
1002
1000
978
979
1003
1000
1000
1001
999
999
1001
1001
999
1001
951
775
651
569
517
485
463
450
444
438
433
432
429
429
428
428
428
431
492
643
860
1003
1001
999
998
1002
1001
999
1001
1000
1000
1001
931
737
607
520
466
433
410
397
389
384
380
378
377
377
375
375
375
374
414
814
1000
999
1002
1001
998
1000
1000
999
1000
1001
1001
980
762
606
501
434
390
364
347
336
329
325
321
320
319
319
317
318
319
362
956
1001
1000
999
1001
1001
998
999
1001
998
998
999
1000
1001
944
695
524
413
342
297
270
251
240
235
229
225
225
224
336
998
1000
999
999
1000
1001
999
1001
1001
1001
1000
805
566
408
309
249
211
185
172
166
163
163
162
161
162
162
162
162
162
162
161
161
161
162
162
161
161
163
162
162
162
163
162
162
163
164
164
164
164
165
165
165
166
166
167
167
168
168
170
171
172
172
174
175
175
177
179
181
182
184
186
185
186
190
189
190
191
195
194
195
198
200
200
202
204
205
204
208
209
210
209
212
213
212
215
218
218
218
220
222
223
224
228
227
227
231
232
232
233
235
236
237
239
241
241
241
243
246
246
247
249
251
250
252
254
255
255
257
258
258
260
263
263
264
266
266
268
269
270
270
271
273
276
276
274
278
280
280
281
283
283
283
286
287
288
288
290
292
291
293
294
295
294
296
298
298
299
302
303
301
304
304
306
305
308
309
308
310
312
312
312
314
316
315
316
318
319
319
321
322
323
322
325
326
326
327
328
328
329
331
332
332
333
335
336
335
336
338
338
338
340
341
341
342
344
344
343
347
348
350
350
349
352
352
353
352
355
356
355
356
358
359
358
360
360
361
362
363
363
363
365
366
366
366
368
368
368
370
370
371
370
372
373
372
374
375
376
375
376
378
378
378
379
380
380
381
383
383
382
384
385
385
386
387
388
388
387
390
389
389
391
392
391
392
393
393
393
395
397
396
