720
729
727
721
727
732
727
721
731
730
721
723
726
718
708
712
712
704
701
712
716
720
743
768
785
812
848
876
895
919
948
960
968
987
996
994
993
1003
1000
990
992
991
981
972
974
966
953
947
948
938
930
933
932
922
917
922
915
903
903
901
888
880
883
877
865
863
864
854
844
849
849
841
839
848
846
839
845
853
848
847
859
853
857
867
864
859
868
871
863
860
868
864
855
857
861
853
843
849
844
833
830
836
827
815
820
819
808
803
809
804
793
797
800
792
788
797
794
786
787
793
788
779
786
789
783
782
791
789
782
787
789
781
773
779
776
764
764
770
764
757
766
776
778
793
823
844
862
895
928
947
966
995
1003
1003
1003
1003
1003
1004
1003
1003
1004
1004
1005
1003
1004
1005
1005
996
986
988
983
970
969
972
962
951
953
949
937
930
934
924
908
906
905
892
883
886
882
870
870
876
869
862
870
871
864
861
873
871
864
870
878
871
865
876
874
866
868
875
868
859
866
865
856
850
857
851
841
843
843
834
826
831
828
816
813
817
810
801
805
805
793
791
796
792
781
784
789
783
778
786
785
776
775
782
776
766
772
775
769
767
777
772
763
767
771
763
754
760
756
746
745
750
744
736
744
751
751
762
788
808
827
859
894
915
938
969
985
993
1004
1004
1003
1003
1003
1003
1003
1004
1002
1003
991
989
989
975
963
965
959
944
939
942
935
922
925
922
908
901
904
893
878
877
876
865
854
855
842
841
846
838
830
836
838
831
828
837
834
826
832
838
833
823
835
834
826
826
833
826
818
822
822
813
806
813
807
796
796
798
788
779
786
781
769
766
772
765
754
760
761
751
745
752
747
735
737
741
733
727
736
734
725
724
731
724
715
722
723
714
710
717
715
705
708
713
704
697
704
702
692
691
697
688
677
682
679
670
662
668
667
662
674
693
706
724
759
787
805
832
865
881
890
912
926
926
926
938
934
923
925
926
912
899
902
893
875
865
864
849
832
832
827
812
802
805
795
778
772
768
753
738
740
731
717
712
715
708
694
701
701
692
688
696
695
687
694
702
696
692
703
705
698
700
707
702
693
699
700
689
683
691
685
674
677
681
673
667
675
675
666
666
672
667
658
663
665
655
652
659
654
645
649
655
648
643
653
655
648
650
660
657
649
657
660
654
653
664
664
657
662
667
661
654
660
660
650
650
657
652
643
650
655
652
656
679
696
711
739
772
793
814
846
866
876
893
913
918
917
930
939
931
926
934
927
912
909
908
896
884
887
880
864
859
848
833
834
831
817
807
810
800
786
784
784
773
765
770
770
761
760
769
764
756
764
769
763
761
774
775
769
776
785
781
779
790
791
783
784
793
789
780
787
788
780
775
782
777
766
768
772
764
756
761
761
750
748
755
749
741
747
751
742
738
748
745
736
738
744
737
730
737
738
730
731
740
736
729
736
741
734
732
742
740
731
733
739
730
720
727
724
714
713
725
729
734
759
785
804
830
868
897
915
942
970
983
991
1002
1004
1002
1005
1004
1004
1004
1003
1004
998
985
987
976
959
954
953
940
927
930
926
912
906
909
898
884
886
883
870
860
864
843
842
844
835
826
833
833
824
824
834
831
825
833
839
834
833
845
845
837
843
850
843
838
846
846
836
833
840
834
823
826
827
816
810
817
814
803
804
809
801
791
798
797
786
783
790
784
774
780
781
773
768
777
775
766
768
773
767
762
771
771
763
762
769
764
754
758
761
750
744
751
748
737
739
746
743
745
767
786
801
827
865
889
908
939
964
977
989
1002
1004
1004
1003
1002
1003
1003
1003
1003
1004
1003
1003
997
982
982
979
965
957
959
952
937
935
937
927
913
915
911
897
888
891
881
867
870
870
852
859
857
846
849
856
851
845
857
859
854
854
864
860
851
860
865
854
865
863
853
855
861
853
843
849
848
837
833
838
830
817
820
822
811
804
811
807
797
797
803
795
786
793
793
782
780
789
785
777
783
787
778
773
783
781
771
776
783
777
772
781
781
771
768
774
768
757
760
763
757
756
774
785
793
817
848
868
890
926
954
968
988
1003
1004
1004
1003
1003
1003
1004
1003
1002
1003
1002
1003
1003
999
998
991
977
968
972
962
947
947
947
934
924
928
920
905
902
903
892
881
886
883
870
866
873
867
864
869
864
863
875
875
870
876
886
881
876
885
887
878
876
885
879
869
870
871
860
851
856
850
839
837
841
832
821
826
823
811
806
812
804
791
796
798
787
779
786
783
773
773
780
772
764
773
773
765
762
771
766
758
764
768
758
754
762
759
748
749
754
744
734
739
737
727
723
733
734
735
754
776
790
806
843
866
880
903
928
937
941
957
964
959
958
967
960
946
947
946
931
916
916
906
887
881
880
865
853
854
851
835
827
828
815
799
796
790
773
759
761
750
734
731
733
724
712
719
717
708
705
714
711
704
710
715
709
704
714
713
705
706
713
706
698
705
705
696
693
701
696
686
688
691
680
673
679
674
663
661
665
656
646
652
649
639
636
643
640
632
636
641
633
628
637
635
628
630
637
633
629
637
640
633
631
639
636
627
633
636
629
622
630
628
619
619
626
626
626
645
661
672
692
722
741
754
779
801
811
820
840
848
846
854
864
852
857
847
841
845
838
825
827
827
817
810
814
808
797
794
797
786
774
777
774
762
754
757
751
742
746
751
744
740
751
751
745
748
756
753
749
759
763
758
759
771
770
763
770
777
770
765
775
773
764
762
766
758
748
752
751
740
736
742
739
728
730
734
725
720
729
727
719
720
728
723
715
722
723
715
715
725
722
715
721
725
718
713
719
716
706
705
710
705
699
709
717
720
731
757
773
788
815
842
857
870
896
909
912
922
937
936
933
943
945
936
931
935
929
916
916
915
905
896
900
896
885
883
886
878
868
871
869
850
852
845
832
831
832
821
812
818
815
805
807
815
811
805
814
817
812
811
822
821
814
821
828
823
819
828
827
819
820
825
819
811
816
815
806
802
806
801
790
793
797
787
781
790
786
775
774
779
771
762
768
769
762
759
767
762
754
759
765
758
752
760
759
750
750
755
747
737
741
741
729
725
732
730
727
739
758
768
784
815
838
851
875
902
916
923
944
956
957
960
971
968
960
963
966
952
943
946
939
926
922
926
915
904
907
905
895
889
894
889
876
875
875
863
853
857
851
838
834
839
830
820
825
826
819
816
825
824
817
823
828
824
821
831
833
826
828
836
832
826
833
832
825
822
827
823
811
813
816
807
800
806
804
794
793
800
793
785
791
793
784
782
790
785
777
780
785
779
772
780
780
771
772
780
774
768
774
777
768
765
773
768
758
760
764
758
752
760
762
759
769
790
804
812
844
869
883
901
930
943
951
966
980
979
979
990
990
979
978
983
974
962
965
962
949
941
946
938
926
926
930
917
906
912
907
893
888
889
878
863
864
862
847
839
843
835
824
824
829
818
813
821
821
814
813
822
817
810
817
819
811
809
819
816
807
810
813
804
797
805
799
788
786
792
784
775
780
780
769
763
769
763
753
755
759
750
743
751
749
736
734
739
733
725
731
731
721
718
725
720
710
712
716
708
702
711
707
697
696
702
694
684
687
686
677
673
684
686
687
703
726
738
754
784
804
816
832
853
859
860
872
878
871
868
874
869
856
854
854
842
829
831
822
806
800
803
792
781
782
780
767
758
762
754
740
738
736
725
712
717
710
698
696
700
692
681
686
689
679
676
684
681
674
677
683
677
672
680
680
672
672
678
672
664
668
669
660
655
661
655
644
644
646
636
625
629
625
613
610
616
608
598
604
605
598
593
603
600
593
597
606
601
600
612
614
608
610
619
617
612
620
625
619
619
628
627
618
623
629
625
621
634
642
641
655
677
689
700
726
750
763
779
805
817
822
836
850
849
847
860
862
854
854
862
856
846
851
851
839
833
839
835
823
824
828
817
807
811
805
792
786
789
781
767
770
769
758
754
760
757
747
752
759
753
750
759
760
752
754
764
761
756
765
770
766
764
775
773
762
765
769
760
752
758
754
743
740
745
738
724
728
726
716
709
715
709
697
699
703
694
686
695
696
686
688
696
691
684
692
697
691
687
698
697
688
692
699
691
684
691
689
679
678
685
681
675
688
703
708
723
753
772
786
811
837
848
856
879
888
889
896
911
907
902
911
914
904
897
905
899
887
885
886
876
864
868
865
854
851
855
846
835
837
836
825
817
822
816
803
801
804
795
787
795
793
785
785
792
789
783
791
796
790
789
800
800
793
797
807
801
796
805
806
797
795
803
796
786
789
791
781
774
782
778
766
766
769
761
751
758
756
747
745
753
747
738
742
744
736
730
739
736
727
731
738
733
728
738
740
732
732
742
739
733
739
742
734
729
738
737
729
734
747
752
760
785
807
820
841
872
888
899
922
938
943
946
963
966
959
962
969
961
953
958
954
945
938
943
934
922
923
923
913
905
910
905
892
892
894
885
875
880
878
864
860
865
855
844
846
847
840
833
843
841
833
837
845
840
835
846
849
843
843
852
849
843
850
855
847
843
851
848
839
840
844
836
827
832
829
819
815
821
812
802
806
809
799
794
801
798
787
788
793
788
781
789
790
781
778
786
781
774
779
784
777
773
782
781
773
774
781
774
765
773
770
762
760
766
763
756
765
775
777
788
815
834
847
873
903
917
930
954
969
971
979
992
991
986
991
993
985
977
982
977
963
959
959
948
934
936
932
918
913
918
910
898
900
900
888
879
883
877
862
859
861
850
840
844
843
833
830
839
834
825
831
837
831
827
839
841
833
835
844
839
832
841
843
834
832
840
836
827
831
834
826
817
824
820
808
806
811
802
792
797
796
786
782
787
780
771
775
778
770
764
772
769
759
759
766
760
751
759
759
750
748
756
752
745
749
752
744
739
746
743
732
732
736
726
717
722
722
712
711
722
725
729
747
770
785
803
835
855
867
886
908
913
918
932
939
934
929
939
933
921
920
918
904
891
894
885
868
861
862
849
834
837
832
817
810
814
802
789
787
786
774
763
767
763
750
749
752
745
736
743
745
737
734
743
740
735
740
745
739
734
742
743
733
733
741
735
728
734
737
728
724
732
728
719
724
730
722
715
722
720
711
709
716
708
700
707
708
700
696
703
697
687
689
693
683
676
684
681
670
668
673
665
657
661
660
653
648
656
651
642
645
649
640
633
640
638
629
629
637
635
633
649
663
671
686
713
732
744
769
792
803
810
831
839
836
842
852
849
840
846
846
836
829
832
825
811
808
808
796
785
789
783
770
767
769
758
745
746
742
729
722
727
720
709
711
716
708
703
712
712
704
707
716
714
709
719
725
721
720
731
730
724
728
733
728
722
731
731
722
721
728
721
710
716
716
704
699
704
699
689
691
695
687
680
688
686
677
676
683
678
671
677
680
672
668
677
675
666
670
674
669
663
671
670
658
659
666
660
653
658
661
657
657
674
682
689
710
736
751
768
798
817
828
844
865
871
871
886
893
888
886
895
893
882
881
883
871
859
854
840
835
836
826
814
813
811
798
788
793
784
771
768
769
759
750
755
754
745
744
751
747
741
749
753
749
747
761
761
756
764
773
770
765
777
779
774
774
784
780
770
778
781
773
770
781
779
772
777
784
781
773
783
785
775
776
786
780
774
781
785
777
772
780
781
774
779
788
786
781
791
793
785
784
794
791
783
790
795
786
781
788
785
779
783
796
800
808
836
872
895
926
945
956
979
998
1002
1003
1002
1002
1003
1002
1003
1003
1003
1002
1004
999
992
993
981
964
961
957
943
930
935
928
914
910
913
903
891
893
889
875
869
875
868
857
862
864
856
853
861
861
855
857
868
866
865
876
881
876
880
892
892
887
894
900
894
890
901
900
891
891
897
890
881
889
889
879
876
881
876
865
867
869
861
854
861
850
850
851
844
853
857
854
857
869
870
867
876
883
879
877
887
886
878
883
889
885
880
888
891
887
894
912
923
934
961
991
1002
1004
1004
1003
1001
1003
1002
1002
1001
1003
1002
1003
1003
1002
1003
1001
1002
1002
1001
1002
1003
1003
1003
1002
1004
1002
1003
1003
1004
992
984
985
976
960
959
957
942
932
937
932
920
919
925
918
908
913
912
904
902
911
907
900
907
914
908
903
912
912
904
904
907
904
895
900
899
890
884
887
881
868
869
871
863
856
863
859
847
844
848
842
829
835
834
825
820
827
823
814
815
818
810
803
812
811
803
803
809
803
795
800
801
791
786
792
787
778
778
783
777
775
790
802
809
832
862
882
900
931
957
970
982
1003
1002
1002
1004
1002
1004
1003
1003
1001
1003
996
999
985
969
967
961
945
933
933
922
906
902
900
885
872
870
862
846
839
839
828
814
815
813
802
796
804
797
789
792
796
789
784
793
793
786
786
794
790
781
788
790
782
777
783
778
767
768
772
763
754
759
756
744
741
746
738
728
730
731
720
713
718
711
699
700
703
696
688
694
693
685
683
690
684
676
682
684
677
673
681
678
669
671
676
668
659
665
664
654
650
658
654
648
657
667
670
682
709
728
743
771
801
816
831
873
877
887
902
904
899
907
911
901
896
900
892
878
875
874
862
849
850
842
826
817
817
803
788
786
782
765
754
756
748
735
732
736
728
721
728
729
722
725
737
737
733
744
753
749
749
761
762
755
759
766
760
752
760
758
749
746
753
746
736
737
736
725
717
720
715
702
701
702
693
684
688
685
674
670
676
670
658
665
669
660
655
662
657
648
648
652
645
636
642
641
632
631
638
635
629
640
652
659
670
698
717
730
755
783
797
807
831
843
845
850
863
862
855
859
860
850
842
844
836
820
815
814
800
785
784
777
762
752
752
741
725
723
721
709
698
702
696
684
681
686
680
673
680
681
675
674
685
685
681
689
696
693
691
700
700
693
694
700
693
684
689
687
677
671
674
667
654
657
659
649
641
646
640
628
624
627
617
606
610
607
598
595
603
600
593
598
604
600
597
608
609
604
607
614
610
603
610
612
606
608
624
630
636
655
673
683
693
715
727
730
740
753
754
754
765
768
764
760
766
761
750
751
751
741
733
737
735
726
726
730
724
717
720
722
715
713
717
714
705
705
707
699
693
696
692
684
684
689
684
678
683
684
679
678
686
685
682
686
691
688
686
692
694
688
688
693
690
686
691
692
687
685
690
688
680
683
687
682
678
683
684
677
676
681
672
668
671
672
664
661
666
664
656
657
661
654
649
655
656
650
650
657
655
653
663
673
679
689
711
724
736
755
775
785
793
810
819
819
824
833
832
826
831
832
823
817
818
813
802
802
800
790
781
782
776
766
760
762
755
746
746
743
734
728
730
726
717
716
718
711
705
709
708
700
699
704
702
696
702
704
699
696
703
702
695
696
700
695
690
695
693
686
684
689
684
676
680
678
670
666
670
665
656
656
658
652
645
648
647
640
638
642
638
630
633
635
627
623
627
624
617
616
619
614
610
616
617
616
623
638
647
654
674
691
699
708
728
735
737
747
756
757
755
763
762
755
754
758
751
743
744
742
733
729
732
729
719
719
722
715
708
711
708
699
696
697
691
680
683
683
675
669
675
673
665
667
672
669
665
672
674
670
671
678
678
673
678
680
675
671
675
672
664
663
666
659
652
655
653
644
642
646
642
634
636
637
631
624
630
627
619
620
623
617
613
618
617
611
610
615
611
605
608
611
604
609
609
606
612
623
628
635
653
669
678
692
713
723
729
743
754
756
758
767
768
763
765
768
762
755
758
756
745
740
743
738
730
731
731
724
718
721
717
708
708
709
703
695
698
699
692
691
699
696
691
696
702
701
701
710
713
710
714
722
721
718
726
729
725
726
735
733
728
732
738
733
732
739
739
733
735
740
736
731
735
736
730
728
736
732
726
731
735
731
728
734
733
727
728
733
729
724
729
730
722
720
725
720
713
715
717
712
711
721
728
732
745
764
775
785
805
820
827
835
848
852
849
855
861
855
849
854
851
841
837
838
829
817
817
813
801
794
794
783
771
766
762
751
740
739
734
721
717
717
708
697
699
697
688
684
687
684
677
679
682
677
673
680
679
673
673
677
672
667
671
671
662
659
662
657
648
649
650
642
636
639
637
627
625
628
622
615
616
617
610
605
610
606
598
599
596
591
597
594
587
586
591
587
581
584
583
576
573
577
574
567
570
576
577
581
597
609
616
632
652
662
671
687
700
704
707
719
721
718
723
727
723
717
723
720
712
707
710
703
693
694
692
683
676
678
672
663
661
660
652
643
645
642
634
632
635
629
623
627
631
627
625
634
635
631
636
642
640
637
646
648
644
646
653
650
644
650
651
645
641
647
644
638
638
643
636
630
635
633
625
624
628
624
618
620
623
616
613
619
617
611
613
617
614
608
613
613
607
605
611
607
607
612
613
618
635
647
656
674
694
705
716
735
746
750
759
769
771
768
776
778
771
768
773
769
761
758
758
751
741
742
738
728
722
726
719
708
708
705
696
688
690
685
674
673
674
668
662
669
668
663
663
670
668
663
670
674
672
672
680
682
676
678
683
680
676
682
682
676
676
681
677
669
672
673
667
663
668
666
657
658
660
654
648
651
650
643
641
646
643
637
640
641
636
632
638
635
627
629
632
628
622
629
631
626
629
642
649
656
675
693
706
720
743
757
764
776
790
795
796
805
809
806
804
810
806
797
799
798
789
782
784
780
770
767
769
763
755
758
756
749
743
746
741
731
732
732
726
720
724
721
715
716
720
715
709
715
716
712
710
717
716
712
717
721
717
715
721
721
715
716
720
717
711
716
715
709
704
710
706
696
699
702
694
688
693
692
684
684
687
680
673
678
679
671
668
674
670
664
667
669
662
658
663
661
653
653
658
654
650
658
668
672
684
705
721
732
753
774
783
792
809
817
818
825
835
833
829
833
834
825
821
824
819
810
808
809
801
793
794
789
779
776
777
768
758
759
757
747
742
744
738
729
729
729
723
718
723
722
717
717
724
721
718
724
727
723
723
731
731
724
730
735
732
728
732
733
727
726
730
724
716
722
723
716
713
718
713
706
708
709
703
696
701
699
691
691
695
691
683
688
688
682
680
686
683
676
679
683
676
670
675
675
668
668
674
674
670
682
695
702
713
734
750
759
777
798
805
814
830
836
836
841
851
848
843
846
846
838
833
834
829
817
816
815
807
798
802
797
787
783
785
776
766
767
764
755
749
752
748
739
739
741
734
728
733
735
729
728
736
735
731
736
740
735
734
741
739
732
734
738
733
726
730
729
721
718
721
716
709
711
711
703
698
702
697
689
689
690
683
677
680
678
669
667
671
666
658
660
662
655
651
656
652
646
646
649
642
638
643
642
634
630
635
630
624
627
632
630
634
651
663
672
688
710
721
730
749
760
764
771
782
783
777
781
784
776
771
772
767
756
753
752
742
732
732
727
715
709
710
702
690
688
686
674
666
665
660
650
648
650
643
636
640
641
634
632
639
637
633
638
643
640
638
646
647
642
644
650
646
643
649
649
643
641
646
643
636
639
639
633
627
631
628
620
618
622
615
608
612
611
604
600
604
600
594
597
598
592
586
591
589
582
583
585
581
574
577
576
569
566
570
568
563
569
577
580
586
605
618
627
643
663
673
681
696
705
707
712
722
723
720
725
727
722
715
720
716
706
702
703
696
687
687
685
674
668
669
662
651
649
646
637
628
631
629
618
620
623
618
613
620
621
618
620
627
628
626
632
639
637
637
645
647
643
644
650
647
641
645
646
639
636
641
637
629
631
632
625
621
625
623
617
616
619
615
609
613
614
608
606
613
609
605
608
612
607
604
610
608
607
603
597
604
608
606
611
627
638
646
665
685
697
710
731
743
750
760
772
775
775
784
789
784
784
791
789
782
784
786
779
770
774
769
760
757
756
748
739
739
737
725
717
719
712
703
702
703
697
690
694
692
685
685
690
687
684
689
693
690
690
698
698
694
698
704
700
697
705
704
699
698
702
698
692
695
697
690
685
689
687
679
679
683
676
670
673
672
665
665
668
664
658
661
663
656
652
657
655
648
648
652
646
640
644
644
638
640
652
656
662
680
697
709
723
746
760
768
782
798
802
804
816
820
817
816
823
818
810
812
812
804
796
798
792
782
780
779
770
762
764
760
750
744
744
738
727
727
726
717
709
710
707
700
699
701
697
691
696
698
693
694
701
699
695
701
706
702
699
707
707
701
704
708
704
698
703
702
695
692
697
694
686
687
690
682
677
680
678
668
667
671
664
657
661
661
655
652
655
653
645
648
649
643
638
643
641
633
633
638
635
632
643
653
657
670
691
706
717
738
758
766
775
791
798
800
806
815
813
808
813
814
805
803
806
799
789
788
785
776
767
768
762
753
749
749
741
732
734
729
718
713
716
709
700
700
701
694
688
693
692
686
687
692
689
686
693
696
692
691
699
699
693
698
702
697
694
701
700
694
693
696
692
685
688
687
680
677
683
680
672
674
676
670
665
670
670
662
665
669
665
660
665
667
661
658
662
659
650
652
655
648
644
650
651
650
657
672
681
692
712
731
743
756
777
787
792
804
814
816
816
824
824
817
817
821
815
807
809
807
797
791
792
786
776
774
775
765
757
760
755
744
739
740
732
724
724
724
716
712
717
715
708
711
717
714
711
720
721
718
720
727
726
722
730
733
728
727
734
731
725
728
732
727
723
728
728
720
720
725
721
715
717
719
713
710
715
712
706
709
711
706
701
706
704
697
695
699
696
687
691
692
687
686
694
699
700
713
730
741
752
774
790
799
810
827
832
834
844
851
848
846
852
849
842
841
842
833
824
825
820
810
804
805
798
787
787
782
773
764
764
757
744
743
743
734
727
729
728
721
721
725
722
717
723
728
726
727
735
736
731
736
742
740
738
745
745
740
740
746
743
736
739
741
735
731
736
734
726
727
729
725
719
722
720
712
710
715
708
702
705
706
699
694
698
695
687
688
692
689
685
694
701
704
713
732
742
752
773
790
798
807
825
833
832
839
846
843
839
843
842
832
828
831
822
811
810
809
797
788
788
780
769
764
762
751
740
740
736
726
720
723
718
710
712
714
708
705
713
713
708
712
719
717
713
722
723
719
718
726
724
719
723
724
719
715
717
715
707
706
710
705
699
704
702
694
692
696
691
685
687
689
683
677
682
681
673
674
677
671
665
667
667
659
655
660
658
655
665
677
683
692
714
728
737
753
771
778
783
795
803
801
803
809
807
799
799
799
789
782
784
777
765
758
756
747
734
730
724
712
702
702
692
679
676
674
664
656
659
655
648
648
652
649
643
651
654
649
650
659
659
652
657
661
656
652
658
657
649
648
652
645
638
642
642
633
629
633
628
620
621
620
613
608
611
608
601
599
604
598
590
593
592
584
581
585
581
573
574
577
572
567
576
581
582
593
608
619
629
648
664
672
680
695
701
701
708
715
712
710
715
713
706
703
705
697
688
687
685
676
669
669
662
650
646
644
634
625
626
621
612
608
610
605
599
603
606
601
601
610
611
610
614
622
621
620
629
632
629
633
640
638
634
639
642
636
633
637
636
628
630
632
627
622
626
623
616
614
617
612
605
609
609
598
603
601
593
593
596
591
587
594
596
595
603
618
628
636
654
671
682
693
713
724
728
740
750
751
751
760
762
756
755
758
753
744
745
744
734
727
728
721
709
707
706
696
687
686
682
670
666
667
661
651
653
655
649
646
652
652
646
650
656
655
653
662
665
663
665
674
674
670
676
681
676
675
683
681
675
678
682
678
673
678
677
671
670
675
670
664
668
670
665
661
666
664
656
658
663
657
652
659
660
652
655
664
667
671
688
704
714
729
750
765
775
789
804
809
812
824
829
825
827
833
830
823
825
825
816
810
812
808
798
795
795
789
780
782
780
772
769
770
765
756
755
754
746
740
745
740
733
734
737
733
728
735
737
733
733
741
740
738
742
745
741
739
744
743
736
737
741
735
730
734
732
726
724
728
725
720
728
733
730
727
731
729
721
722
726
720
714
718
717
711
707
712
709
702
706
710
709
713
728
740
747
763
785
796
806
825
837
842
849
861
865
863
868
873
868
864
868
864
854
852
854
844
836
839
835
825
821
821
814
805
804
803
794
785
789
784
776
773
775
768
762
766
766
760
760
765
765
760
765
771
769
767
774
774
769
770
776
772
766
771
772
766
763
768
765
758
760
763
754
752
757
754
747
746
748
743
736
739
738
731
729
734
731
723
724
725
719
714
717
715
710
710
717
718
720
733
746
754
769
789
803
812
828
844
850
854
865
870
867
869
874
869
862
866
864
854
848
850
845
835
834
833
824
816
819
814
805
801
801
794
783
783
781
773
766
771
767
759
759
762
758
753
759
760
755
757
764
762
758
764
767
762
761
768
765
760
762
765
760
754
757
755
748
746
749
745
737
740
740
733
729
732
729
721
721
723
718
710
716
714
707
707
710
705
698
702
703
696
692
694
691
684
685
689
687
689
703
714
720
733
752
763
772
789
801
805
811
822
824
821
824
829
822
815
818
814
804
800
801
793
782
782
780
770
762
764
756
746
742
740
730
721
722
718
707
703
705
699
692
695
694
688
684
691
690
685
688
693
690
685
692
693
686
686
692
689
683
687
689
683
679
683
680
673
672
674
667
660
663
662
651
649
653
648
639
639
640
633
629
634
631
624
624
626
622
617
622
623
615
613
617
612
605
607
609
601
598
601
597
591
594
601
604
619
632
639
652
672
684
692
708
720
724
729
742
744
738
744
748
743
736
737
736
728
723
725
716
706
706
704
694
687
688
682
673
670
668
660
651
652
650
640
637
643
638
632
636
639
635
632
641
641
638
642
648
645
643
650
652
648
648
655
652
647
651
653
648
640
646
644
637
636
637
632
627
630
630
623
621
625
622
615
619
621
615
612
618
616
611
612
616
613
607
613
615
608
606
613
609
603
606
608
604
603
612
618
623
635
652
664
674
694
710
717
728
744
751
754
761
768
768
765
772
771
763
762
764
757
749
751
750
740
736
738
732
721
720
719
710
704
704
699
689
686
687
681
675
678
677
671
670
677
676
672
677
683
680
679
686
687
684
686
694
691
687
693
695
689
687
692
690
683
685
688
683
679
682
680
673
672
674
669
661
664
665
658
655
660
657
651
652
656
651
647
653
652
649
650
654
650
646
650
651
645
642
646
643
636
639
644
645
649
665
676
686
701
723
736
746
765
780
784
793
805
808
806
812
816
813
808
812
810
801
800
800
792
784
784
782
773
767
770
764
756
755
755
747
739
740
736
727
725
727
720
713
716
715
707
704
709
708
702
705
711
707
704
712
714
711
712
719
715
712
717
718
714
713
719
717
710
713
715
708
703
707
706
699
699
702
697
690
693
693
686
682
687
685
678
681
684
678
674
680
680
674
673
678
675
671
675
675
669
665
671
668
663
662
669
668
669
683
691
701
716
737
750
761
779
795
802
810
824
830
829
834
840
835
831
835
833
826
821
823
816
807
807
805
797
790
793
788
779
777
777
770
762
762
757
748
745
747
740
730
732
733
726
724
728
727
721
724
729
726
724
732
733
729
729
736
734
730
734
738
732
728
734
733
725
727
730
725
719
722
722
714
711
714
709
701
703
703
696
691
696
692
685
686
687
683
677
682
682
677
676
680
676
670
674
675
670
667
671
668
659
659
662
658
652
657
658
656
661
676
686
695
714
732
743
755
774
784
789
799
810
811
809
816
816
809
806
809
802
793
793
789
781
772
772
766
755
752
751
742
733
733
729
719
714
714
707
696
696
696
687
682
686
682
674
676
680
676
672
678
681
675
676
683
679
675
680
683
677
675
680
679
672
674
679
673
669
672
670
664
662
664
660
652
653
654
647
643
647
643
635
635
638
633
627
632
631
625
622
628
622
616
621
623
618
614
618
617
611
612
615
609
605
608
607
601
600
606
604
605
615
626
633
644
665
679
690
705
723
730
735
748
755
754
758
765
764
758
762
763
757
750
751
747
738
736
735
727
719
719
716
706
698
700
693
683
682
679
671
665
668
664
656
657
663
658
653
661
663
659
659
667
666
663
668
673
671
669
675
676
671
672
676
672
668
672
672
667
665
670
666
659
661
661
656
652
656
654
645
646
649
645
639
642
642
636
634
638
636
630
633
636
633
629
634
634
628
629
633
628
622
626
627
620
620
627
628
629
641
656
666
679
700
717
729
744
762
771
775
788
795
794
795
804
802
796
796
797
788
782
784
780
770
766
766
757
748
749
746
737
730
732
726
715
714
714
705
698
701
698
690
690
695
690
685
692
695
691
690
699
699
696
700
706
704
701
709
710
706
708
713
709
704
708
711
703
700
705
701
693
694
695
690
684
689
685
678
676
679
675
669
672
673
667
665
669
666
661
665
667
663
658
664
664
659
658
663
659
654
656
657
651
648
654
652
649
656
666
672
682
702
719
731
746
768
782
790
806
817
820
822
833
835
830
834
837
831
822
825
820
809
805
807
800
792
793
791
782
778
778
772
762
760
760
751
744
745
742
732
729
731
726
718
720
721
716
714
719
718
714
718
722
720
717
724
726
721
722
729
727
723
728
730
725
722
727
724
718
721
724
720
715
720
719
712
712
715
711
704
707
707
701
696
701
696
691
691
695
689
685
689
689
684
682
688
685
679
683
684
677
674
678
674
666
666
670
664
660
668
674
678
689
705
720
731
752
770
779
792
809
817
821
829
837
836
833
839
838
830
826
828
822
813
813
811
802
794
796
789
779
778
779
770
762
763
760
750
745
746
739
729
730
729
722
718
721
718
712
714
715
712
708
713
714
708
709
715
713
708
712
716
712
709
715
714
707
709
712
706
700
703
702
694
690
695
689
682
684
682
675
669
673
670
663
662
663
656
651
654
652
645
643
648
645
639
642
645
639
637
642
640
634
635
638
632
626
629
629
622
619
623
620
616
622
632
637
646
667
680
692
709
730
740
747
761
769
769
773
781
779
774
777
777
769
762
762
756
746
744
744
734
725
725
720
711
707
705
699
688
688
685
676
668
671
664
655
653
656
648
644
648
650
644
643
651
648
643
649
653
651
650
657
657
654
657
660
658
654
659
660
654
653
659
658
654
660
663
659
656
661
659
653
652
656
648
640
643
641
633
630
634
628
623
625
627
622
619
624
622
617
619
621
618
611
616
615
610
605
612
609
606
612
620
622
628
645
656
665
681
702
713
722
738
750
753
757
768
769
766
772
775
771
767
771
768
756
755
755
746
739
739
736
726
721
721
713
702
701
699
689
681
683
679
671
668
672
667
662
667
668
664
665
672
672
670
676
682
682
681
688
690
686
688
695
690
686
691
693
687
685
690
686
678
679
680
674
669
672
669
662
661
664
657
653
657
656
651
648
653
651
645
648
651
647
643
648
648
642
642
645
640
635
639
640
635
636
646
650
653
669
686
697
712
735
750
760
775
791
798
801
813
821
818
817
825
821
816
817
819
808
803
806
800
790
786
785
777
768
767
763
752
747
748
741
730
728
726
719
712
714
712
704
704
707
704
700
705
707
703
703
711
711
708
713
719
716
715
722
723
719
720
725
720
715
719
718
711
709
713
709
703
705
706
700
694
699
696
689
688
691
686
681
685
686
680
678
683
679
674
677
679
675
671
676
675
668
669
672
668
662
665
666
662
665
678
684
692
711
730
743
758
780
794
802
815
831
834
836
845
849
846
844
850
846
838
837
837
829
820
822
817
807
803
804
797
788
790
788
778
773
775
769
759
758
759
752
745
750
747
740
739
742
737
732
738
742
736
736
745
744
739
745
749
745
742
751
750
746
748
751
748
741
746
746
739
737
741
737
730
732
734
728
721
726
724
716
716
720
716
710
714
714
708
705
711
709
702
705
708
703
700
704
703
696
694
698
693
685
690
690
684
684
692
693
694
707
723
733
746
769
787
797
817
833
842
844
855
863
863
862
870
868
860
863
863
854
847
847
841
830
826
826
817
806
807
805
795
788
789
783
773
770
770
761
754
756
752
744
743
747
743
737
741
741
736
735
743
741
737
741
747
744
739
748
748
743
746
751
746
742
745
746
739
737
740
737
728
729
731
724
717
721
718
711
708
712
705
698
700
700
694
691
695
691
684
686
688
683
678
684
683
675
676
679
675
669
673
672
665
662
665
661
655
653
656
651
648
656
660
661
672
690
702
713
735
752
762
774
792
799
800
808
815
812
811
816
815
805
802
803
795
785
785
781
771
765
766
759
749
745
742
731
723
724
719
707
703
704
695
686
687
685
676
674
679
675
670
674
677
674
672
680
682
679
681
689
688
684
691
694
689
688
695
693
686
688
691
686
680
684
682
672
669
674
667
659
662
660
652
647
653
648
639
640
642
635
628
634
632
625
623
629
623
616
622
621
616
614
619
618
610
614
618
612
606
613
614
606
607
613
609
608
611
607
608
623
631
637
659
681
696
713
741
760
771
787
806
813
815
828
835
831
831
839
834
824
825
827
817
805
807
801
785
777
778
766
752
751
745
731
719
719
710
694
690
689
677
667
672
670
660
661
668
664
656
662
664
657
657
668
672
669
679
688
686
684
694
694
688
691
699
695
689
695
697
689
684
692
688
680
681
686
679
672
678
674
665
665
671
665
658
663
665
657
656
663
660
651
655
660
654
648
655
654
645
643
650
645
638
644
648
641
642
658
664
670
691
716
732
751
784
809
822
844
868
877
880
893
900
896
893
901
899
889
892
895
884
873
877
869
854
845
845
832
818
819
812
798
789
790
781
764
761
760
748
737
742
737
728
727
735
729
723
732
737
733
732
745
746
742
750
758
754
751
763
762
756
757
765
761
752
758
758
750
744
753
747
736
737
739
730
721
726
722
711
709
715
709
699
706
708
699
697
707
704
696
701
705
698
693
701
699
688
688
694
687
679
685
686
679
678
693
701
707
730
760
781
803
841
868
885
909
936
946
953
970
981
979
980
991
988
978
979
980
966
956
959
950
934
928
930
919
904
905
902
886
877
879
870
854
852
852
839
827
830
825
810
807
813
804
795
803
806
799
798
808
807
801
808
816
813
810
822
821
813
815
822
815
808
813
815
805
800
805
799
788
791
792
783
775
781
779
768
766
773
766
757
762
762
753
749
757
753
742
747
752
744
737
744
742
732
731
737
730
721
729
732
726
728
746
754
765
789
819
839
860
895
919
933
953
976
985
987
1003
1002
1002
1002
1001
1004
993
995
995
982
971
972
965
948
943
942
929
915
917
912
897
890
893
881
866
864
862
848
837
842
837
824
823
830
824
815
823
822
816
814
825
823
817
824
832
826
823
833
831
823
824
830
824
816
822
822
812
806
812
807
795
796
798
789
779
786
782
772
770
776
767
756
761
761
751
749
757
754
743
747
751
743
736
743
738
728
727
732
722
713
720
724
719
722
742
754
764
790
822
839
892
913
923
939
960
965
965
977
983
975
973
978
971
959
957
956
944
930
932
925
909
902
901
888
872
874
867
852
843
845
834
818
817
815
802
791
795
792
780
778
785
777
768
775
776
770
770
780
781
772
779
785
779
774
782
780
772
771
777
768
760
763
762
751
746
750
744
732
735
734
725
715
721
717
703
701
704
697
687
694
693
683
678
686
681
669
673
677
669
662
669
667
655
653
656
646
635
638
637
627
625
638
642
645
665
689
703
721
753
773
785
806
829
836
840
855
862
859
860
869
865
855
860
848
841
844
838
826
823
828
816
806
808
804
791
781
783
772
756
755
752
740
730
735
731
718
717
722
716
708
718
722
717
718
731
729
725
732
738
734
731
741
740
733
734
740
733
726
731
731
720
713
718
710
699
703
703
693
687
691
689
678
676
682
674
665
673
672
664
662
671
667
658
663
665
657
652
659
656
646
646
651
643
636
645
650
648
656
678
692
702
727
753
767
782
810
824
829
843
856
855
867
870
863
862
868
861
848
849
846
832
821
822
814
795
792
792
779
764
765
757
743
735
737
727
713
714
715
706
699
707
705
697
700
709
706
703
714
719
715
718
729
729
722
729
734
729
725
734
731
722
722
728
721
713
719
719
709
704
711
703
693
696
697
689
681
691
687
678
680
685
677
671
678
679
671
669
678
674
666
669
671
663
657
664
662
654
654
661
657
655
669
681
688
704
735
753
768
799
826
838
850
874
883
886
895
906
905
898
908
907
899
891
896
888
875
874
872
849
851
845
832
828
829
816
804
807
801
787
781
786
776
763
765
766
756
751
757
755
747
750
757
754
749
759
761
756
757
769
766
762
768
774
766
761
770
768
758
759
764
758
750
756
755
746
743
748
742
733
736
738
729
723
728
725
715
715
720
714
706
714
715
706
707
714
710
702
706
707
699
694
700
697
688
690
698
695
694
712
727
737
758
790
808
824
853
877
885
895
916
923
921
930
941
934
929
936
934
924
918
921
914
900
900
900
886
878
880
874
860
860
848
837
839
835
821
813
816
807
795
799
797
787
783
792
789
781
785
791
785
782
792
794
789
790
800
797
791
799
802
795
793
800
797
787
789
794
786
778
783
783
773
768
775
768
758
763
764
754
749
756
752
743
743
748
742
734
743
743
735
734
742
737
729
734
736
728
723
730
728
718
718
724
720
718
734
748
757
776
806
827
842
870
896
907
920
941
949
951
960
971
967
962
966
964
952
949
951
940
925
926
925
913
904
907
899
885
882
883
871
857
859
853
839
834
836
828
814
818
817
807
802
809
805
798
801
808
805
800
811
813
805
807
815
812
804
810
812
803
798
806
800
790
791
794
786
777
782
780
768
765
770
763
750
755
752
741
733
738
731
722
723
726
716
709
715
712
701
700
706
701
693
699
701
692
688
694
689
679
679
682
674
666
674
672
664
665
679
684
689
712
735
750
769
800
817
827
847
865
870
873
886
889
883
882
889
881
871
872
869
856
845
848
838
824
820
818
803
789
791
781
766
759
759
748
734
732
729
716
709
714
708
696
699
704
698
692
702
702
695
697
705
702
696
704
707
700
698
705
702
693
695
699
692
685
692
689
678
677
683
675
665
669
669
657
653
659
652
642
643
646
639
630
636
635
627
627
634
629
622
629
631
625
622
630
627
619
622
623
615
610
617
615
607
606
614
611
610
627
643
652
669
698
717
732
756
780
791
799
820
829
830
836
846
843
837
844
843
833
825
831
822
809
807
805
792
781
782
773
757
751
750
737
724
724
718
707
699
704
698
688
691
695
689
685
694
696
690
694
704
704
700
710
716
711
713
723
722
715
720
726
721
714
722
720
710
709
715
707
699
703
703
693
688
694
689
678
681
683
675
670
676
672
665
666
672
668
661
669
670
665
663
671
666
657
659
663
654
648
655
654
647
652
666
671
679
706
729
745
767
800
821
833
857
879
884
890
907
910
906
910
917
911
902
907
905
894
886
887
879
864
863
862
847
837
841
833
819
815
815
804
790
791
788
775
769
775
770
759
762
764
758
753
761
763
756
760
771
768
765
775
779
774
774
784
783
776
781
787
780
775
782
780
770
768
773
766
757
761
759
750
744
750
744
734
735
738
731
726
733
732
725
726
735
729
724
732
735
729
727
736
731
724
728
732
726
721
730
733
730
740
760
770
785
814
841
860
884
916
934
944
965
983
986
988
1002
1001
997
998
1004
997
986
989
986
972
964
966
955
941
940
938
923
912
913
904
890
883
882
870
859
855
842
837
842
835
825
830
833
826
821
831
832
824
828
839
835
830
838
842
835
835
845
841
833
836
840
829
822
828
825
814
812
816
807
796
801
798
788
783
787
779
766
765
763
749
738
740
734
722
723
726
720
714
720
721
713
712
720
716
708
713
716
707
703
713
713
708
716
735
743
755
787
813
830
856
889
908
921
945
965
970
977
992
996
991
994
999
991
982
985
980
966
960
961
950
934
931
928
913
902
903
895
879
874
874
862
848
848
843
827
821
824
817
805
808
811
803
796
805
805
797
800
808
803
797
806
807
798
798
805
801
792
798
801
794
787
793
788
777
776
779
770
757
761
759
746
742
745
737
725
727
728
719
712
718
716
705
706
711
703
695
700
698
688
685
691
684
675
678
680
670
663
669
664
654
655
663
657
659
677
691
701
718
748
768
785
812
838
847
859
879
885
883
889
897
892
883
886
884
867
857
843
826
820
814
796
782
781
770
752
745
738
723
707
703
695
679
670
671
661
647
647
646
636
631
639
638
630
634
644
641
637
647
652
648
648
659
658
652
659
665
659
655
663
662
654
655
660
655
646
649
648
638
632
638
632
622
625
629
620
615
623
623
612
615
621
615
609
616
618
610
609
619
617
607
612
615
606
601
610
609
608
621
625
632
656
676
691
713
743
761
775
799
818
823
830
847
851
847
854
862
851
856
844
838
842
833
819
818
817
805
795
795
788
772
766
766
754
742
746
742
731
725
731
726
716
720
726
720
718
731
733
729
735
747
746
743
754
757
752
752
763
760
754
759
763
755
750
758
755
744
745
750
743
734
740
738
728
725
731
724
715
718
719
711
706
713
712
703
704
711
706
699
706
707
699
697
706
702
694
698
705
701
701
720
732
741
766
797
818
838
874
900
916
938
968
982
990
1002
1003
1003
1003
1003
1003
1002
1003
1002
1003
1003
1003
1004
1003
1003
1002
1004
1003
1002
1003
1003
1004
1001
1001
1003
1002
1001
1003
1003
1002
1002
1002
1003
1002
1002
1003
1001
1003
1003
1002
1001
1003
1001
1003
1003
1002
1002
1002
1004
1003
1002
1002
1003
1003
1003
1003
1003
1003
1002
1002
1002
1003
1003
1003
1003
1004
1003
1003
1002
1004
1003
1002
1003
1003
1004
1001
1003
1003
1004
1003
1001
1004
1001
1003
1003
1003
1002
1002
1001
1002
1002
1002
1002
1001
1002
1002
1002
1001
1000
1000
1002
1002
1000
1001
1002
1002
1002
1002
1002
1003
1002
1002
1002
1001
1001
1000
1001
1001
1001
1000
1002
1001
1002
1002
1001
1001
998
1001
1001
1001
1000
1001
1001
1003
1002
1002
1001
1000
1001
1001
1003
1003
1002
1001
1002
1002
1002
1003
1001
1001
1002
1001
1001
1001
1002
1003
1001
1001
1003
1002
1002
1002
1001
1001
1001
1004
1002
1001
1002
1002
1002
1002
1003
1002
1003
1002
1002
1002
1003
1001
1003
1004
1003
1003
1004
1002
1003
1003
1003
1003
1003
1002
1003
1003
1004
1003
1003
1003
1002
1003
1002
1002
1002
1003
1003
1002
1003
1003
1001
1001
1000
1000
1001
1002
1000
1001
1002
1001
1003
1000
1002
1002
1001
1002
1002
1000
1003
1001
1002
1002
1002
1003
1003
1003
1002
1003
1003
1003
1002
1002
1002
1004
1002
1003
1001
1004
1003
1004
1002
1003
1003
1002
1004
1004
1003
1002
1003
1003
995
991
997
990
981
986
983
971
965
966
957
944
941
939
928
918
921
918
905
903
905
894
882
885
882
873
865
871
865
856
857
857
848
839
844
840
827
825
828
819
806
810
808
799
794
802
800
796
806
823
833
851
887
918
942
978
1003
1002
1002
1002
1002
1002
1003
1002
1001
1003
1003
1003
1002
1003
1001
1003
1002
1002
1003
1003
993
985
973
950
933
926
906
885
875
866
848
832
831
822
807
800
800
790
780
784
784
776
774
781
780
772
776
780
774
769
776
775
766
766
771
763
753
754
752
740
733
736
729
718
718
719
710
699
705
698
687
684
687
679
671
675
674
665
661
669
665
656
659
664
658
653
661
662
654
655
661
655
648
652
654
645
640
646
640
631
632
638
633
633
649
662
672
694
728
753
778
818
848
873
896
927
945
953
971
987
989
990
1002
1003
996
996
1000
994
981
983
980
967
957
959
949
933
929
926
910
893
892
880
863
855
856
846
835
838
839
830
826
836
834
829
836
845
843
842
853
860
855
857
867
863
855
861
862
854
850
855
849
836
835
834
823
812
814
808
796
794
798
791
780
782
780
770
762
766
760
750
752
756
749
742
747
744
732
729
733
726
714
718
718
709
704
709
703
694
695
703
701
705
729
747
762
790
829
857
882
919
950
966
984
1002
1004
1003
1003
1003
1003
1002
1003
1004
1000
988
984
965
944
937
924
902
884
877
861
838
829
821
803
785
783
775
761
755
759
752
743
749
753
748
746
758
759
756
763
775
772
769
780
781
775
773
780
772
763
767
765
755
744
749
741
728
725
724
712
700
703
697
684
680
682
674
663
664
663
653
645
652
646
636
638
641
634
630
637
636
628
626
632
625
617
619
620
611
605
611
607
599
599
603
597
591
601
609
612
630
661
684
707
748
786
813
842
878
900
914
934
954
958
957
969
968
960
954
955
944
928
924
917
901
888
886
873
855
847
845
829
814
814
807
791
784
783
774
760
760
759
748
742
746
743
733
735
741
736
732
743
747
741
744
754
752
746
753
758
752
749
757
755
747
750
754
747
738
743
739
730
724
729
721
710
712
713
703
697
701
696
684
683
685
676
668
674
673
664
661
668
663
653
658
660
652
648
655
653
642
644
648
640
631
637
635
625
623
631
628
623
637
652
661
679
715
745
768
806
845
872
894
927
950
959
973
990
995
992
996
1000
990
980
983
971
956
948
944
928
910
908
897
880
868
865
852
835
831
826
811
799
800
791
778
773
776
764
754
760
759
750
748
756
752
745
751
758
753
751
760
762
755
758
766
760
752
758
760
749
747
750
744
734
734
735
724
715
720
713
701
698
702
693
681
683
681
669
664
669
664
653
657
659
651
643
649
647
637
638
644
637
629
634
634
624
620
625
620
609
611
612
595
601
598
591
596
608
617
627
656
684
707
737
778
806
825
856
881
893
902
921
926
923
924
930
920
909
909
904
887
876
873
859
840
833
826
808
792
789
776
757
748
745
730
715
714
709
694
685
689
681
670
671
674
669
665
676
679
674
680
691
691
689
700
707
703
704
715
713
707
711
715
708
700
707
703
692
690
693
684
672
675
672
660
653
656
648
634
633
633
622
613
616
611
601
599
603
596
588
592
593
584
579
584
580
569
572
575
567
561
567
567
558
558
566
563
559
572
585
594
612
645
670
695
732
769
793
814
846
865
874
886
903
906
902
909
911
900
892
895
882
865
859
853
835
818
814
802
782
772
769
754
736
730
722
704
691
689
678
663
659
658
649
642
650
649
643
644
652
650
644
654
658
652
652
663
663
656
661
667
662
657
663
661
651
649
655
649
639
644
645
635
628
634
627
617
616
619
610
608
605
596
593
598
590
581
585
587
578
574
582
576
567
568
573
564
556
560
558
547
544
549
542
533
538
541
533
532
545
555
563
589
622
647
675
717
748
771
798
829
846
854
873
887
887
888
896
891
880
878
878
864
851
849
841
823
813
811
794
779
774
768
752
739
739
729
714
710
710
698
687
690
687
676
674
680
676
671
680
688
687
688
704
710
710
719
732
731
729
740
742
736
734
742
735
725
726
726
714
706
708
701
687
684
686
673
664
667
660
649
642
645
638
627
629
630
619
612
617
612
607
600
593
598
598
587
584
588
582
572
574
576
566
560
567
563
554
558
568
570
576
603
626
645
674
714
743
766
798
826
841
853
876
884
884
892
901
896
887
892
888
875
866
866
853
837
834
829
815
800
799
790
770
765
762
747
733
733
727
712
703
705
697
684
686
688
679
674
681
680
673
677
685
685
680
690
694
688
688
698
694
688
693
695
688
682
688
686
675
674
678
671
660
663
661
648
642
646
638
625
626
627
618
609
613
607
595
592
596
588
577
583
583
575
571
577
573
562
564
566
558
550
556
553
543
540
544
537
527
532
536
532
536
558
572
587
617
650
673
697
731
753
766
783
804
809
811
823
828
820
815
820
811
796
791
785
768
753
751
737
718
708
705
690
672
668
660
643
631
630
618
601
598
596
583
573
576
573
564
564
571
568
562
572
576
573
574
587
586
582
588
597
593
588
597
597
591
590
597
591
583
589
589
580
575
580
575
563
565
571
570
573
591
603
605
611
623
624
623
638
650
654
657
669
666
661
664
669
660
652
662
663
659
661
669
663
652
655
651
638
630
637
637
633
642
655
656
658
674
683
684
691
704
705
703
712
717
712
706
713
707
693
691
692
680
667
669
661
646
638
637
623
608
608
606
595
585
587
583
571
571
575
562
557
564
563
555
555
562
560
556
564
573
570
571
584
585
579
583
591
587
583
589
591
582
580
587
581
573
579
582
575
571
577
575
565
566
572
564
557
563
562
554
552
559
554
546
553
558
551
549
558
555
547
549
555
548
540
547
546
537
536
543
540
534
543
556
561
571
600
619
634
660
690
709
722
748
764
767
778
794
796
791
800
805
797
792
800
794
782
780
781
770
760
762
756
742
735
739
726
713
712
711
698
689
693
688
675
674
676
668
660
665
666
659
659
670
668
664
673
681
679
679
691
692
688
692
703
699
695
704
706
699
698
705
702
694
696
699
692
684
691
687
678
678
684
677
670
675
676
666
663
671
666
660
665
670
665
660
669
670
661
663
671
664
656
663
665
656
655
664
661
658
668
683
691
704
736
762
778
808
840
874
899
914
920
927
942
946
939
944
948
939
931
935
928
914
909
908
895
882
880
874
859
848
848
837
821
817
815
802
790
794
787
775
771
775
768
760
765
767
761
759
769
769
761
768
776
772
771
781
782
777
779
786
781
775
780
782
773
767
774
769
759
760
762
755
747
754
749
740
737
741
735
724
728
730
720
717
723
717
708
711
715
708
702
709
707
699
699
705
699
690
695
695
686
680
686
681
673
677
682
681
684
704
721
734
758
791
814
834
864
890
902
913
935
943
940
948
957
948
941
947
942
929
922
923
908
893
891
886
869
856
856
844
830
823
820
807
792
793
785
770
763
765
755
743
743
742
732
724
731
727
718
720
725
719
713
721
722
716
715
723
720
712
718
721
711
706
714
711
703
705
710
705
699
707
708
702
703
713
711
706
714
719
713
709
716
713
704
705
711
704
698
706
706
699
699
706
703
694
698
700
691
684
692
688
677
677
680
672
663
669
666
661
663
678
686
693
716
742
759
778
812
832
846
866
887
894
898
912
917
912
910
917
910
897
897
893
878
865
864
851
834
824
821
806
788
786
778
760
750
751
738
720
718
714
701
691
695
689
678
677
683
674
668
677
679
674
675
685
684
679
685
692
685
682
690
688
682
681
687
681
671
673
672
661
655
660
653
642
645
648
639
633
637
635
625
624
629
624
616
622
624
615
611
619
614
605
608
612
604
600
608
606
596
595
600
593
586
591
592
586
584
595
600
620
644
659
678
712
737
752
776
801
814
820
838
849
849
853
865
864
856
859
863
850
841
843
838
825
820
822
814
801
804
801
789
781
784
776
764
763
763
753
744
748
744
734
733
739
736
730
738
744
742
743
755
756
751
757
766
761
759
768
767
760
759
766
759
749
752
753
745
740
745
740
731
733
736
728
720
725
723
712
709
713
706
696
699
699
690
686
695
689
683
685
689
682
673
680
680
671
670
677
670
661
667
670
662
658
667
669
670
686
709
724
743
777
806
826
849
881
897
906
929
943
945
949
963
965
956
959
963
954
943
945
938
926
918
919
909
894
892
889
872
862
864
854
840
836
835
824
811
814
810
797
793
797
791
781
784
786
780
777
785
785
778
781
789
786
781
791
792
785
785
793
789
782
787
790
783
776
783
780
768
767
769
760
751
755
753
742
736
741
733
721
722
722
712
705
711
706
696
697
701
694
686
692
692
682
680
685
681
672
674
676
667
661
667
664
656
659
667
665
668
687
706
720
743
779
804
824
855
883
898
912
936
943
946
952
964
960
955
959
958
945
937
940
931
916
914
910
896
885
886
877
864
857
847
834
834
830
818
809
811
803
788
788
788
779
771
778
778
770
774
784
783
780
793
800
798
802
813
815
811
818
827
822
821
832
834
831
835
844
841
836
846
848
842
840
849
846
837
839
843
834
829
837
836
828
830
838
833
826
834
837
828
826
833
831
823
826
830
824
816
824
823
811
809
813
805
794
797
796
784
777
784
782
778
790
808
821
837
870
896
915
941
973
990
999
1002
1003
1003
1004
1003
1003
1004
1003
1002
1004
993
992
981
964
953
950
937
921
919
913
897
884
885
872
853
846
840
824
808
806
796
778
769
766
752
737
735
731
717
709
714
707
698
700
703
697
690
698
699
693
692
701
697
689
694
697
688
685
692
689
681
682
687
680
672
677
676
665
663
668
661
652
655
657
645
639
645
642
630
631
636
628
621
626
625
615
613
620
612
606
610
612
605
598
605
603
594
594
599
591
583
589
591
583
585
601
608
617
642
670
691
716
753
780
796
821
846
859
865
882
892
889
888
897
892
881
882
880
868
855
856
846
830
825
823
808
793
792
784
766
757
756
744
727
724
719
705
696
698
691
680
677
680
672
665
671
673
665
665
674
673
667
674
680
676
673
682
682
675
677
682
677
669
674
673
664
659
662
657
645
645
646
635
626
631
626
615
614
617
609
599
603
604
594
590
596
592
582
585
589
581
575
583
583
575
575
582
577
570
577
578
570
566
573
569
559
562
565
558
552
562
565
566
578
601
618
633
666
695
714
739
770
788
799
817
834
837
839
851
855
846
844
848
840
828
828
824
809
799
799
786
771
763
761
744
731
729
722
706
697
696
684
669
670
665
653
647
652
648
639
643
649
643
641
650
655
650
652
663
662
657
666
670
663
660
669
665
656
657
661
653
644
649
646
636
632
635
629
617
620
619
608
607
591
592
595
586
579
585
584
576
575
582
578
571
577
580
573
570
578
578
568
572
577
571
565
572
572
563
562
570
568
563
574
588
594
607
637
659
676
706
739
758
775
802
820
826
838
854
856
853
860
865
857
850
855
847
833
827
825
811
797
794
785
769
757
757
744
724
720
713
698
683
684
676
663
660
662
653
646
653
654
647
649
660
658
656
665
672
668
667
678
676
673
677
685
681
675
682
683
674
670
676
670
660
662
665
654
647
651
647
635
633
635
628
619
623
624
614
611
617
613
604
610
614
607
604
611
610
603
603
608
594
599
600
589
588
596
595
590
597
609
612
623
651
674
693
724
759
781
800
830
852
860
871
891
894
893
901
907
900
894
900
893
879
874
873
859
844
843
837
820
809
809
797
781
779
771
758
745
745
737
722
719
721
712
703
709
708
703
703
712
711
706
715
722
720
719
732
736
732
739
749
747
744
752
756
752
751
762
760
755
758
762
755
747
753
751
739
737
741
733
724
726
725
714
708
714
705
697
699
703
695
687
694
693
682
681
686
679
671
676
677
666
662
668
664
655
661
671
673
681
708
728
747
776
814
837
859
888
913
923
936
957
963
962
968
977
969
963
966
962
948
940
939
926
911
909
904
887
875
874
863
848
842
839
825
810
809
802
786
779
783
773
763
766
767
758
754
762
761
755
761
769
768
767
778
782
777
780
788
787
781
787
792
785
780
788
784
774
775
778
769
762
767
764
755
750
756
749
739
741
741
733
728
734
730
720
722
726
720
712
718
718
709
706
713
707
697
700
701
691
686
693
690
682
686
693
694
697
718
737
752
778
812
839
860
891
919
933
946
970
978
979
988
997
994
986
991
988
973
966
966
953
937
932
927
911
897
897
885
868
862
859
844
830
829
823
808
800
803
794
781
783
784
776
771
780
779
773
778
788
787
783
795
800
794
795
805
803
797
803
809
802
797
804
800
791
791
794
785
778
781
779
769
763
767
761
751
753
754
744
738
744
741
730
730
735
727
718
724
724
715
710
717
713
704
706
708
700
692
698
695
686
686
691
686
682
697
709
717
734
766
788
807
838
866
885
902
926
941
945
952
963
963
957
961
960
949
939
941
930
915
908
904
886
872
870
839
830
826
810
793
790
781
765
754
754
744
730
728
728
719
711
717
714
706
707
714
711
707
715
719
716
716
725
723
716
722
727
720
713
719
717
707
706
711
702
692
695
692
681
673
678
671
659
660
664
654
647
652
650
641
640
645
638
629
634
634
626
622
629
624
614
615
618
610
600
605
601
590
589
594
586
580
588
593
591
599
622
638
650
679
710
731
753
785
806
816
831
848
852
852
861
866
861
857
864
860
846
843
840
826
810
808
799
782
772
771
758
742
737
732
715
701
702
692
679
676
678
669
661
667
666
659
661
671
671
668
677
686
685
686
701
703
699
708
717
715
711
720
722
714
713
719
712
702
705
705
696
690
696
691
682
682
685
678
669
675
672
662
660
667
662
654
657
661
652
646
654
648
638
640
644
637
628
635
636
629
630
644
650
656
680
705
723
745
780
803
819
841
867
877
883
901
908
906
907
915
910
903
904
903
892
882
884
873
855
849
846
831
815
815
808
792
783
780
767
750
747
743
730
721
726
723
712
714
720
717
713
722
727
724
727
740
740
737
746
754
750
748
759
758
750
751
756
749
741
746
744
735
731
735
730
719
722
724
715
706
712
708
698
698
701
694
686
692
692
683
680
688
684
675
679
682
675
669
675
672
663
663
668
666
663
678
692
701
721
754
777
799
832
865
883
901
929
945
950
962
977
976
971
980
979
970
963
967
956
942
940
937
922
911
912
905
890
886
886
875
861
863
856
844
837
838
829
817
816
819
809
801
809
808
798
801
808
804
798
808
811
806
806
817
814
808
813
818
812
807
814
812
802
799
803
795
786
789
787
777
771
777
770
760
761
762
752
745
748
747
736
736
743
736
728
733
733
725
720
726
723
712
714
716
708
699
706
704
696
698
712
718
725
750
776
795
821
884
903
931
958
967
976
993
1002
998
999
1004
1002
992
993
991
977
968
968
957
940
937
933
921
906
907
900
885
876
876
862
848
847
843
830
820
825
817
806
807
810
804
798
807
807
800
802
812
811
807
817
821
816
814
826
824
817
819
825
818
810
816
815
803
799
804
796
787
789
787
779
772
777
773
761
761
764
755
746
750
747
737
735
743
737
728
734
734
727
722
730
727
718
717
723
714
707
712
711
703
703
714
717
721
742
765
782
805
841
868
887
914
943
955
965
983
991
989
990
1000
996
985
988
985
972
962
962
952
935
929
926
914
898
898
891
874
865
864
853
837
834
831
817
808
809
802
791
789
792
784
777
785
786
779
779
789
787
782
790
796
790
789
798
798
791
792
798
792
784
788
787
777
772
777
768
757
757
756
744
736
739
733
721
719
721
713
702
707
705
694
689
693
686
678
682
683
675
670
676
672
662
662
667
660
651
656
656
644
639
644
636
627
632
639
637
643
667
684
698
724
755
774
791
819
840
849
877
880
878
884
888
879
872
876
869
856
851
848
835
819
816
808
792
781
780
766
750
745
741
726
713
713
703
689
684
686
676
667
673
672
665
663
672
671
666
673
682
680
680
690
693
688
693
701
697
690
698
701
693
691
697
692
682
684
686
676
668
674
669
659
658
664
656
645
649
649
638
635
641
637
627
632
636
631
626
634
633
624
626
633
627
619
625
626
618
614
621
616
607
612
617
613
615
631
643
653
674
704
725
745
777
804
818
834
860
871
873
886
895
892
890
899
896
884
880
881
870
854
852
846
831
818
818
806
789
784
779
763
747
746
738
722
714
715
705
694
697
696
688
688
697
696
691
698
707
706
704
716
721
716
719
729
726
719
726
728
719
716
724
719
710
712
716
708
700
706
701
690
687
691
683
672
675
676
667
663
669
665
653
655
658
651
645
651
652
646
646
653
648
640
646
648
640
637
644
641
632
636
639
632
628
636
639
639
651
674
692
710
744
776
800
824
860
883
895
916
935
940
943
956
959
951
950
956
947
934
935
930
916
903
902
891
874
869
862
849
835
834
827
812
804
805
794
780
778
775
763
756
762
758
748
751
756
751
747
756
759
754
758
768
767
763
772
777
773
770
781
780
773
777
781
774
767
772
770
760
755
761
753
744
745
745
736
730
733
728
717
717
722
713
706
710
709
701
697
704
700
692
697
701
694
689
697
695
685
687
692
685
678
684
684
676
673
681
679
673
683
696
702
718
749
772
793
824
859
880
899
927
946
952
962
978
982
977
986
989
979
972
974
967
952
946
945
930
914
913
906
890
880
879
866
850
848
845
832
820
822
815
800
799
800
791
781
786
787
778
778
787
785
778
786
793
791
788
800
801
796
800
807
803
799
806
807
799
796
800
797
786
787
788
778
770
776
771
760
759
761
752
742
746
744
734
730
737
731
720
725
731
726
723
731
729
718
720
725
719
712
716
717
709
705
711
707
697
700
701
692
684
688
684
675
673
682
679
680
698
711
725
746
780
805
826
859
888
908
925
949
964
967
976
987
986
979
986
984
971
964
965
952
934
928
921
902
887
885
873
854
845
842
827
811
810
801
786
774
773
764
748
747
748
739
732
737
734
726
727
734
731
727
737
740
737
737
747
746
738
744
751
743
739
747
747
738
739
743
735
726
730
728
717
711
715
707
694
692
693
682
673
676
670
658
654
657
648
637
641
640
630
625
630
626
615
618
620
613
604
611
610
600
601
607
595
600
601
591
587
592
588
576
577
580
570
564
573
574
572
582
603
616
632
665
695
714
737
769
787
798
816
833
836
839
853
854
848
845
850
840
829
826
820
802
791
789
775
758
752
747
731
715
714
704
687
679
678
666
652
651
647
634
625
630
625
616
620
624
621
616
628
631
626
631
643
642
641
650
657
653
650
661
658
648
651
653
646
639
644
642
631
628
633
625
614
617
617
606
600
606
592
593
597
590
582
588
587
578
577
585
580
572
579
580
573
571
578
575
567
570
575
569
561
568
568
560
560
568
566
560
571
581
587
597
626
647
664
694
726
746
763
793
811
819
831
848
852
849
863
854
849
854
848
835
831
829
815
801
800
791
775
764
763
749
732
728
719
701
686
682
669
652
646
646
637
629
637
639
632
633
644
643
641
651
661
659
660
673
675
672
678
689
686
685
694
695
687
687
694
688
680
685
686
677
671
677
673
661
661
663
654
644
648
645
633
629
634
627
617
620
621
614
609
617
615
607
610
615
609
604
612
613
605
603
608
604
596
600
604
596
594
605
609
612
629
657
676
699
735
766
787
814
847
863
872
893
906
909
908
921
920
911
909
913
901
889
890
884
866
857
846
830
826
822
808
798
799
789
774
769
769
755
742
746
742
730
726
730
723
714
721
725
720
718
730
732
728
735
744
741
738
750
753
748
749
760
758
752
760
764
757
754
762
759
748
750
753
745
737
741
739
727
723
727
721
711
714
717
707
703
709
706
698
697
706
700
695
703
705
696
697
706
705
701
711
721
719
721
732
735
730
734
742
738
737
752
769
783
807
843
870
891
924
952
965
976
996
1003
1002
1003
1003
1001
1002
1004
999
986
976
978
963
948
944
939
922
909
909
896
881
877
875
862
850
852
851
840
837
843
841
836
843
852
850
848
859
861
855
867
862
856
864
864
855
854
862
857
849
853
853
844
834
837
831
816
813
816
806
790
794
790
777
770
776
770
758
760
761
752
744
750
745
735
734
738
731
723
729
729
720
718
725
720
712
716
719
713
708
717
717
712
716
724
722
719
731
739
740
747
767
778
790
818
849
874
901
944
975
999
1003
1004
1003
1003
1003
1003
1003
1004
1002
1003
1002
1002
1003
1002
1001
1003
1005
1000
985
977
956
933
924
911
888
874
872
861
843
840
836
822
811
814
808
797
797
804
797
791
799
801
793
792
803
802
796
803
810
808
806
817
817
810
811
818
812
804
809
809
800
797
800
794
781
782
782
771
763
765
760
747
745
748
739
726
730
728
718
713
719
715
704
707
710
703
696
703
701
693
692
699
690
683
687
686
676
672
677
674
664
669
675
673
674
696
712
724
748
781
803
823
856
881
893
906
927
933
931
940
946
939
931
934
926
911
904
903
891
876
875
870
853
841
841
828
812
806
801
785
771
769
760
744
737
736
725
712
713
712
700
696
704
701
694
700
708
706
703
714
717
711
715
724
719
712
719
722
714
712
718
713
704
704
706
697
689
694
690
679
676
680
673
662
667
666
656
651
656
651
641
641
644
636
629
636
636
626
626
632
626
618
624
624
617
611
618
614
603
604
606
599
591
598
597
589
593
607
612
621
647
672
689
710
745
766
780
804
826
833
840
855
861
859
867
860
850
854
850
837
825
827
813
796
790
785
769
753
752
744
727
719
717
702
686
685
681
666
658
662
656
647
649
654
649
645
655
657
654
657
669
667
663
672
678
673
671
681
678
671
673
677
670
662
667
665
656
654
659
652
642
646
648
638
632
640
634
625
626
629
622
615
622
621
614
611
619
614
606
613
616
608
604
611
608
598
601
605
599
591
600
601
595
600
615
622
631
657
683
701
724
759
782
794
818
840
848
853
872
877
875
878
886
882
870
872
870
856
847
846
837
821
817
814
799
784
784
776
760
752
752
742
727
728
727
718
711
718
714
706
709
716
713
709
722
726
722
726
738
738
734
742
749
746
745
753
751
744
745
750
741
733
738
736
726
723
728
719
709
710
711
700
693
698
693
683
681
684
675
667
672
671
663
660
669
664
656
661
663
655
651
656
652
642
643
648
640
633
640
640
634
636
651
658
666
693
721
741
767
804
830
847
870
894
904
910
927
937
932
935
944
939
929
930
930
916
907
908
899
883
878
876
862
850
849
842
827
819
820
810
794
793
789
777
767
769
763
752
752
756
750
744
753
754
749
750
759
758
754
763
768
765
762
772
772
764
767
773
769
763
769
770
761
757
762
755
745
747
746
737
731
736
731
719
719
721
713
703
709
708
698
695
703
698
689
693
697
690
684
692
689
681
681
685
680
670
676
675
666
665
673
670
669
682
700
710
725
758
783
805
834
866
885
900
926
939
943
951
965
963
958
965
965
957
950
952
945
930
926
924
911
897
898
893
880
872
873
863
847
845
842
827
816
818
810
796
793
794
784
774
779
777
768
766
774
772
766
771
776
771
766
775
775
767
770
777
773
766
772
773
763
760
765
758
747
749
751
740
733
738
732
721
718
721
711
700
705
702
691
686
692
686
676
679
680
673
667
674
672
664
665
671
666
657
663
664
656
653
659
655
645
649
653
646
643
657
665
671
690
719
739
759
794
825
842
865
893
908
914
930
944
942
941
950
949
940
939
941
931
916
918
913
899
890
891
877
865
861
859
844
833
835
829
814
808
809
799
787
790
789
780
775
782
779
771
773
779
775
772
782
783
778
782
791
786
781
789
792
785
783
790
786
775
777
780
771
763
767
762
751
748
750
744
732
736
734
723
717
722
715
703
704
705
696
688
693
689
679
677
682
676
665
670
671
660
658
664
660
650
652
655
646
639
645
642
632
629
632
624
616
621
622
617
621
638
649
658
683
712
730
750
785
805
818
836
857
861
863
877
883
875
871
876
867
853
851
849
834
820
819
809
791
781
778
762
747
744
737
722
710
708
697
682
678
678
665
656
661
657
647
646
653
649
639
647
650
643
644
654
654
649
657
662
658
656
665
664
657
657
665
658
649
652
651
639
632
638
632
622
623
625
617
609
614
611
599
605
598
589
595
596
586
583
589
586
579
582
588
582
578
587
589
580
582
589
584
574
581
583
573
570
578
574
567
571
578
577
580
600
616
628
649
681
701
718
747
771
783
796
819
829
830
841
849
846
841
848
845
833
828
828
819
803
801
795
778
768
769
758
742
738
737
722
709
710
702
688
682
684
675
666
671
670
663
662
672
671
666
675
684
683
683
697
701
698
701
711
708
703
710
714
707
702
709
706
696
697
701
692
685
691
688
677
675
679
672
662
666
666
657
652
659
654
645
648
651
646
641
648
648
641
641
648
642
636
643
645
639
635
643
639
631
633
637
630
625
633
635
632
639
658
670
685
715
744
766
791
825
849
861
885
904
911
917
933
936
932
932
939
931
918
921
918
905
894
895
885
869
865
860
846
833
835
826
812
803
803
791
777
776
771
759
751
754
750
739
741
746
743
736
747
748
743
746
757
755
751
759
766
760
759
768
766
759
763
766
760
755
760
757
747
744
750
743
732
735
735
725
719
726
720
709
709
712
703
695
701
700
690
690
695
690
682
687
690
683
681
690
688
681
683
689
683
677
685
682
674
673
678
674
665
670
673
668
670
685
694
704
729
759
782
805
842
868
885
905
932
945
950
966
977
975
973
982
978
968
966
966
953
941
942
934
920
910
910
898
881
881
878
864
855
850
835
832
831
819
808
811
807
797
794
800
794
787
791
796
792
788
801
801
797
801
810
807
804
814
816
811
811
820
816
809
813
815
805
798
804
799
786
786
789
781
772
777
774
762
758
761
753
743
744
744
735
729
736
732
723
724
728
721
715
723
723
715
715
724
719
712
716
719
711
705
714
711
703
705
709
703
694
702
702
694
691
701
702
703
722
743
757
778
813
839
859
886
916
931
945
966
981
983
988
999
999
990
992
994
983
974
975
967
952
946
943
930
915
914
908
892
884
885
874
856
853
839
830
831
826
813
811
814
805
797
803
804
797
796
804
802
798
803
809
803
801
810
810
804
807
815
809
802
809
809
798
795
798
792
781
783
783
774
767
772
767
757
755
758
748
738
741
740
731
726
732
727
717
721
721
715
708
717
715
706
707
713
707
700
707
708
699
698
705
702
694
698
700
693
689
697
696
687
687
692
686
678
683
684
676
675
685
687
688
704
725
740
758
792
817
836
863
891
906
918
936
949
951
954
965
965
953
957
958
946
933
934
925
908
899
896
882
866
864
857
841
830
829
818
803
798
796
782
770
772
765
752
750
753
745
736
740
742
733
733
741
739
733
738
743
736
733
739
740
732
735
741
736
728
732
731
721
716
721
714
704
705
706
696
688
693
688
676
673
675
668
656
660
658
647
642
647
640
631
633
637
628
622
630
627
618
619
624
618
609
616
616
609
606
614
610
605
609
596
603
593
592
598
590
581
586
584
574
571
579
576
571
583
597
605
617
646
669
685
712
743
760
775
800
818
823
830
846
848
843
848
851
844
837
841
837
820
814
814
800
785
782
776
762
752
752
742
726
723
720
706
693
695
689
676
673
675
668
658
664
664
657
656
665
664
660
666
674
672
670
681
684
679
680
689
685
678
683
684
676
672
676
671
661
662
663
654
646
651
648
637
635
639
630
621
624
624
614
610
617
612
603
606
611
605
600
608
609
601
611
606
599
606
608
600
599
607
603
596
599
603
595
588
596
596
590
591
604
624
642
656
675
708
731
747
774
801
814
825
847
857
864
878
877
868
874
872
861
852
854
846
830
826
824
811
799
799
792
777
770
769
757
743
741
737
724
715
718
711
700
702
705
698
693
700
701
693
695
705
702
698
708
714
709
710
722
722
718
721
728
723
716
724
722
713
712
718
712
702
705
705
695
688
693
688
677
678
683
673
665
671
670
660
659
666
661
653
658
660
653
648
657
655
647
649
655
649
643
652
652
643
642
648
643
632
639
641
633
631
641
645
646
662
685
700
718
752
778
797
823
854
871
881
902
917
920
923
936
938
931
932
936
927
916
919
913
900
894
894
884
871
869
867
855
845
848
840
826
824
824
811
800
802
796
784
776
783
776
764
769
772
764
760
771
770
763
767
774
772
768
777
781
774
775
783
779
772
779
781
773
768
775
773
762
762
765
755
745
751
748
737
734
739
732
724
726
727
718
712
720
717
707
710
716
710
703
708
709
702
700
707
702
694
698
700
693
688
695
693
683
684
690
683
677
686
691
688
696
718
730
743
771
800
820
840
873
892
902
920
940
945
947
960
965
958
957
965
958
946
946
945
933
921
925
916
904
899
900
889
875
877
871
852
855
844
832
832
830
818
809
813
807
798
799
803
798
792
800
801
793
793
800
797
790
798
803
798
795
804
804
796
799
803
796
789
793
793
782
779
783
776
765
767
768
756
747
753
749
737
735
739
729
720
725
724
714
709
717
711
701
704
706
698
692
700
698
687
689
693
688
680
686
684
674
670
676
670
660
663
664
655
648
656
655
650
662
680
691
705
733
759
777
797
826
840
849
869
886
887
890
903
903
897
896
901
892
881
882
877
864
855
855
844
826
823
818
803
791
792
783
767
763
762
752
740
741
735
723
716
721
714
702
703
705
695
689
695
693
686
686
695
691
685
694
696
688
687
695
693
685
689
693
685
680
687
685
675
675
679
671
662
666
664
653
648
653
646
635
635
636
626
619
625
623
613
614
620
614
607
613
615
606
604
612
608
606
612
604
603
611
610
605
612
605
599
604
605
596
590
597
593
585
588
594
590
592
609
622
630
651
681
699
716
745
768
778
792
813
821
823
834
841
837
833
840
837
824
821
821
810
794
792
786
771
762
765
755
742
740
741
730
719
722
716
703
701
701
692
685
689
691
683
680
688
685
677
681
687
683
680
692
696
690
695
705
702
699
707
710
704
703
713
712
704
709
714
707
702
708
705
694
693
696
689
681
685
685
674
668
673
669
659
661
665
657
650
657
655
647
646
653
649
642
649
652
645
644
653
650
642
647
653
647
642
653
656
650
655
666
667
667
682
697
706
722
752
774
791
821
849
864
880
906
919
924
934
948
948
944
951
952
943
936
941
932
918
915
913
900
888
888
881
866
859
860
849
835
835
831
817
807
808
799
785
783
783
774
765
772
770
763
762
769
765
758
767
769
765
763
775
774
768
773
780
774
769
776
777
768
767
772
764
754
757
758
748
742
746
740
730
732
734
726
718
724
721
710
707
713
706
697
700
702
695
