698
697
703
699
692
698
698
690
686
690
685
678
679
682
675
669
674
672
664
661
665
658
652
658
659
651
650
657
654
647
647
650
645
641
645
645
638
636
640
636
630
633
634
628
625
632
630
623
628
636
637
641
660
672
682
698
721
734
746
765
782
787
796
811
815
813
817
823
818
812
817
811
802
796
796
786
774
773
767
757
749
751
743
731
729
729
718
707
709
703
692
687
691
683
674
677
677
670
668
676
674
668
674
678
674
673
680
681
677
680
687
684
679
685
688
683
679
684
681
674
674
676
669
664
667
664
655
653
658
651
645
648
649
642
636
642
636
628
629
633
628
624
630
629
621
620
623
617
609
614
616
610
608
615
611
604
604
606
600
595
601
596
597
603
601
597
609
610
617
637
651
661
681
703
715
725
746
756
762
770
785
787
785
794
793
788
781
783
777
764
761
761
750
740
741
734
722
715
715
705
693
692
688
678
671
673
665
653
652
652
644
638
643
643
638
638
645
641
637
642
646
643
641
650
650
647
651
657
652
649
656
656
650
649
654
650
641
645
645
636
630
635
631
623
624
626
620
613
617
617
609
607
611
606
600
604
604
597
594
600
596
589
592
596
590
585
592
592
584
583
589
586
579
584
585
579
577
583
580
573
574
578
573
568
575
574
570
571
581
585
588
603
619
628
644
667
683
693
710
728
734
740
753
759
757
760
766
762
753
754
752
740
730
730
721
708
702
701
689
679
677
671
658
652
652
642
629
631
627
617
609
614
607
599
598
601
596
591
597
598
592
593
600
599
593
600
603
600
598
608
607
601
605
609
604
598
605
603
594
592
596
589
581
584
584
575
571
574
572
563
564
568
561
553
559
557
549
546
551
547
540
544
545
539
535
541
539
534
534
538
533
527
535
533
525
524
528
524
516
520
523
518
515
522
520
513
514
519
510
507
513
514
510
513
526
533
539
556
574
585
598
622
636
645
662
678
683
685
698
703
698
698
705
699
689
689
688
676
667
667
659
646
640
638
628
617
617
612
600
593
594
584
574
574
571
563
557
560
557
548
551
556
553
550
559
562
559
562
571
571
568
575
580
576
575
583
582
576
579
583
579
574
581
581
574
572
578
574
568
571
573
567
562
568
564
557
559
562
556
551
555
555
549
547
554
548
544
551
554
549
548
555
556
550
552
558
553
549
555
556
551
550
556
553
547
552
556
551
549
557
556
552
555
563
560
560
572
582
587
601
623
637
648
670
692
703
716
736
747
752
762
772
771
769
776
776
768
765
768
760
749
747
744
733
722
724
715
703
699
698
689
677
679
674
663
657
658
653
642
645
645
638
633
640
639
634
636
643
640
637
646
650
645
647
656
657
654
659
663
659
657
664
663
656
658
662
657
649
654
651
645
641
644
640
631
633
634
626
621
626
623
616
616
619
614
607
613
612
607
604
610
607
600
604
608
599
606
603
596
598
599
593
598
598
591
590
596
592
586
589
593
587
583
592
593
588
596
608
615
622
643
663
673
692
716
730
739
757
773
778
782
795
798
794
798
801
794
786
788
783
772
764
764
753
741
739
735
724
714
713
705
693
688
689
678
669
670
666
656
651
655
649
641
645
647
644
639
647
647
642
645
652
650
646
655
658
655
655
663
663
657
662
664
659
655
661
659
651
651
653
647
640
644
644
637
635
640
639
631
636
638
633
628
632
628
621
621
623
614
604
605
606
600
599
605
601
593
593
594
587
581
585
581
575
574
579
573
568
574
574
569
569
576
575
570
576
582
584
587
603
616
624
641
665
679
691
713
731
737
746
762
767
766
773
776
771
764
769
762
751
744
745
732
722
722
716
704
695
694
684
670
666
664
650
640
641
633
621
616
615
607
599
601
595
591
599
596
590
596
601
600
609
613
611
615
624
622
619
627
629
624
624
629
627
619
621
622
615
608
613
609
601
601
605
599
591
595
595
586
583
588
583
576
578
581
574
570
575
573
566
567
572
568
563
571
572
567
566
573
569
563
567
570
564
560
568
565
558
559
565
563
559
573
582
588
600
623
638
649
670
693
704
716
736
746
751
759
769
767
763
769
768
759
754
756
748
734
732
728
716
704
703
694
681
676
676
665
653
651
647
634
628
627
621
612
613
614
608
603
609
610
605
607
615
614
612
622
625
624
625
636
637
633
638
644
640
637
645
645
638
637
643
636
630
634
634
627
623
628
623
613
614
616
607
605
603
594
593
598
591
584
588
588
581
580
586
584
577
579
584
578
573
579
578
570
570
576
570
563
569
570
565
564
576
579
584
600
619
632
648
673
692
703
720
742
750
757
770
778
777
777
783
780
770
770
769
759
750
748
741
731
725
724
714
701
702
698
686
677
678
671
658
656
655
645
636
638
634
626
627
631
628
623
629
633
630
629
638
639
636
641
648
648
647
657
658
657
659
670
669
666
674
680
677
675
683
682
677
681
687
684
680
688
688
681
681
687
682
676
682
684
679
677
686
682
676
677
679
671
663
665
662
653
649
651
645
636
638
637
629
624
632
630
628
636
647
652
659
679
694
703
718
739
750
755
770
780
780
782
793
791
784
787
789
780
771
773
765
752
745
744
732
721
718
714
701
692
693
684
671
669
666
655
647
650
647
636
635
639
634
628
632
636
631
630
639
640
635
640
647
644
641
649
651
645
646
653
650
645
650
653
645
642
648
646
637
641
643
637
631
635
633
624
622
625
619
611
614
614
606
608
604
596
597
595
589
595
593
587
585
591
585
578
581
582
574
570
576
574
567
570
576
576
577
593
604
612
626
650
661
672
691
707
714
720
737
741
740
746
751
747
740
743
740
729
724
726
716
707
706
704
691
684
685
677
664
660
658
648
637
639
633
623
619
620
612
603
606
606
599
596
596
598
604
601
598
606
608
603
604
611
608
603
607
609
600
605
593
595
596
591
583
588
586
578
577
581
578
571
573
574
567
562
566
562
555
556
559
553
547
553
553
546
544
552
548
543
545
547
541
538
545
543
538
540
544
540
536
546
550
550
558
575
584
593
613
633
643
655
676
688
693
705
717
719
719
726
728
721
719
721
714
703
702
700
689
679
680
674
662
659
657
649
638
639
634
622
616
618
610
601
603
601
594
589
596
593
587
591
597
594
592
605
603
612
612
609
616
620
617
614
623
621
615
616
621
615
611
615
615
608
607
611
608
600
606
598
596
598
592
594
598
594
589
594
594
587
586
593
588
582
587
589
585
581
588
587
580
583
588
585
580
588
590
588
591
605
610
617
634
652
663
677
699
713
723
737
754
760
764
777
782
778
779
786
780
771
772
770
760
752
753
745
735
729
729
718
708
711
705
695
690
692
685
673
675
672
662
656
660
657
650
651
656
652
647
654
658
654
656
666
666
663
669
675
670
669
678
676
671
672
676
672
667
671
671
663
660
664
660
653
656
659
651
647
652
649
640
640
644
637
631
635
633
625
619
626
622
615
619
621
614
611
617
616
610
611
616
612
608
613
614
609
610
619
618
617
629
642
648
660
681
697
707
726
746
757
766
781
791
794
798
808
805
801
804
805
797
788
791
783
770
768
765
756
746
745
742
730
724
725
717
704
703
702
690
683
685
680
670
671
673
665
661
668
669
663
664
673
671
667
674
678
674
672
680
681
676
678
684
681
675
681
681
674
672
676
672
665
667
668
660
654
658
655
645
645
648
641
635
639
639
631
627
633
627
620
623
624
620
614
622
618
612
613
619
613
610
614
615
608
606
610
607
598
603
597
593
603
604
611
626
635
644
666
684
697
712
735
746
753
769
781
783
784
794
794
789
790
793
786
778
780
774
765
758
758
749
737
737
735
724
716
717
710
698
692
693
682
672
673
670
661
659
662
657
650
653
657
652
650
659
659
654
659
664
662
657
664
666
660
661
670
667
662
665
669
661
658
663
662
654
654
656
651
643
647
645
637
633
639
635
627
630
632
626
620
625
623
616
616
621
616
609
616
617
611
608
616
612
607
610
615
611
608
618
617
612
613
618
613
609
615
619
614
616
626
629
631
642
658
669
681
703
717
726
739
754
759
760
770
777
772
773
781
777
770
771
770
763
756
760
755
746
740
743
732
720
720
715
702
693
694
684
671
669
665
655
646
649
643
633
634
637
632
626
633
634
629
630
638
637
632
637
642
638
638
645
646
640
644
649
646
639
644
643
637
633
638
635
626
626
627
620
612
617
615
606
607
612
607
600
607
606
600
597
598
592
595
598
592
587
594
590
582
582
586
582
575
582
582
575
573
579
575
568
572
575
570
567
573
573
569
572
581
582
584
600
614
623
638
661
676
686
704
720
727
733
748
755
756
761
769
766
761
766
762
752
747
748
740
727
725
723
711
699
698
691
680
675
677
667
659
661
659
651
646
651
647
639
642
646
641
638
644
644
637
638
646
641
638
645
648
645
644
653
652
647
651
658
652
649
655
655
647
647
649
643
635
639
638
630
627
632
628
620
621
623
617
612
616
615
609
610
614
609
605
608
609
604
608
605
599
604
607
603
597
604
596
597
596
591
597
597
591
589
597
596
593
599
609
614
620
641
655
665
684
706
721
732
752
767
771
778
792
794
792
798
801
796
790
793
789
777
774
772
761
747
745
738
727
716
713
701
688
684
680
667
656
655
649
635
630
629
622
612
614
613
606
604
608
606
599
604
609
603
600
608
609
605
606
614
611
607
613
615
610
608
613
609
601
601
593
588
590
587
577
575
577
571
563
565
564
555
551
556
551
543
545
547
540
536
541
540
532
532
537
532
525
530
531
524
522
527
523
516
519
523
518
514
520
522
518
522
533
537
542
560
577
586
623
638
647
663
680
684
688
702
706
702
703
708
702
694
696
695
684
678
680
672
660
657
655
641
633
632
626
612
607
605
596
584
585
582
572
566
571
567
561
563
569
565
562
572
574
569
573
581
579
576
584
588
583
583
591
589
582
586
589
583
578
583
579
571
569
572
566
558
562
559
552
548
553
547
536
538
543
536
529
533
529
522
521
527
521
514
519
520
514
510
517
512
504
506
509
503
496
500
497
489
489
494
491
488
497
506
508
518
540
554
563
581
598
607
615
631
639
640
644
654
653
648
654
654
644
638
639
631
620
618
616
605
595
596
590
579
572
572
564
552
552
549
539
532
535
529
520
523
525
520
517
526
528
524
527
534
535
532
540
545
543
544
553
553
549
555
557
555
552
560
560
553
555
560
556
551
556
557
550
547
554
550
544
547
550
545
539
543
539
530
529
535
532
526
531
533
526
523
529
526
519
520
523
517
512
517
518
511
514
523
525
527
539
555
564
577
599
614
622
641
659
666
672
688
693
692
694
702
698
689
694
695
685
678
679
671
660
656
655
646
635
636
631
621
616
617
609
599
600
597
588
584
590
584
577
581
587
584
582
591
594
592
598
608
609
609
621
627
625
628
639
641
637
644
650
648
644
653
653
647
647
653
648
641
647
649
645
643
650
646
638
639
643
637
632
637
636
627
624
630
624
617
622
623
615
612
618
615
609
613
620
617
616
630
638
643
656
676
687
697
716
732
738
746
762
767
766
772
780
775
772
776
774
763
759
760
752
740
740
737
726
717
719
711
698
695
692
681
672
671
662
652
645
645
635
623
623
620
610
604
606
595
596
600
594
588
595
592
585
581
585
581
576
585
588
583
583
592
591
585
589
595
591
586
592
593
586
587
595
592
586
593
595
591
590
597
595
589
593
598
594
590
598
600
596
596
605
603
600
608
614
612
616
629
637
643
660
677
687
699
719
733
738
751
767
771
774
784
790
788
785
794
790
781
781
780
772
763
764
760
749
743
743
735
722
723
718
707
699
700
694
682
682
682
674
666
673
671
665
664
671
668
663
668
673
668
667
677
676
673
677
684
680
677
684
684
678
680
685
683
676
679
679
672
668
672
666
657
658
660
656
649
654
651
644
641
645
639
630
633
632
624
619
623
619
610
611
614
607
607
607
600
604
612
615
616
632
647
656
668
693
706
716
734
752
759
766
780
787
786
790
797
795
786
788
787
778
770
773
765
754
751
749
738
728
730
723
712
706
706
698
687
686
685
674
667
670
664
655
657
661
654
651
658
659
653
656
663
662
659
667
671
669
668
676
675
669
674
678
674
668
675
674
667
667
670
666
658
663
662
656
652
657
655
647
649
653
646
641
647
645
636
637
640
635
626
629
630
621
619
624
621
614
617
621
617
611
618
618
612
616
627
630
634
650
666
677
689
714
728
737
754
769
773
777
790
797
793
795
799
793
785
787
785
774
766
767
758
746
743
742
731
720
720
714
703
697
697
687
675
674
673
662
656
659
654
646
646
649
644
638
644
646
639
642
649
646
642
648
650
643
640
645
642
634
636
638
631
625
630
626
617
614
617
613
605
610
610
603
598
605
594
596
601
595
590
598
596
588
589
592
588
581
586
585
578
576
581
578
571
573
577
570
565
572
571
564
563
569
563
557
562
563
559
560
572
579
582
598
617
627
638
661
676
685
700
718
724
729
739
746
742
739
746
739
730
728
728
718
707
709
703
690
686
686
677
665
665
661
651
642
645
637
626
625
625
617
608
614
613
606
604
610
606
601
606
611
606
605
615
616
611
617
622
618
615
622
622
617
616
623
618
612
616
616
610
604
608
603
594
593
596
590
584
590
587
580
579
586
581
576
580
582
577
574
580
577
570
569
574
568
563
568
567
558
558
563
558
551
556
558
552
550
559
557
551
555
561
557
555
566
573
575
586
606
617
627
649
666
675
687
708
716
718
728
738
737
733
738
735
725
721
721
712
696
697
691
679
669
669
658
646
643
640
630
620
619
615
598
598
591
580
584
583
575
572
580
578
573
578
584
581
578
587
589
586
589
598
596
591
597
601
596
593
599
597
590
592
594
586
582
587
585
576
574
579
574
566
569
571
561
557
562
558
551
551
556
549
544
549
549
542
541
547
542
536
541
542
535
532
539
536
530
531
537
530
525
532
532
527
528
537
536
536
551
563
570
584
608
621
630
648
668
675
681
697
703
702
707
716
712
706
708
707
697
689
692
682
670
665
662
651
640
640
633
620
615
616
606
595
595
593
582
575
577
574
564
565
569
564
562
567
571
567
571
580
579
576
585
590
587
587
597
595
589
594
599
593
590
594
595
587
586
589
586
576
579
580
571
567
572
567
560
561
565
558
554
558
557
549
549
554
548
542
546
549
542
538
543
540
533
535
539
533
528
534
535
528
528
534
531
527
534
542
543
551
571
583
593
613
635
646
658
680
695
700
709
722
724
720
726
728
720
716
719
713
703
700
698
688
677
678
672
659
653
653
644
630
629
623
613
603
604
596
586
584
586
579
574
580
580
575
577
587
585
583
591
596
593
594
603
603
599
603
608
604
608
608
608
595
598
599
591
587
592
589
580
581
583
575
569
573
572
564
563
569
566
558
562
563
557
554
558
556
549
551
555
549
544
550
548
541
541
547
544
539
546
552
550
554
571
579
588
606
627
640
652
676
690
696
707
723
726
727
736
742
737
736
742
736
725
724
722
712
700
701
695
682
677
676
666
653
651
649
635
629
631
625
615
614
615
607
601
606
605
598
599
606
603
599
606
611
607
606
617
619
615
622
629
628
625
633
634
628
629
635
628
623
628
628
620
616
620
615
606
607
610
603
598
603
594
593
598
591
583
586
587
579
575
581
578
569
572
576
571
566
573
574
568
569
576
571
566
573
579
579
587
607
620
630
650
672
684
696
718
730
737
748
763
767
764
773
774
769
764
770
766
754
755
754
742
733
732
725
713
704
705
694
683
682
679
667
659
660
653
642
644
644
638
631
638
638
633
634
642
641
637
646
652
651
650
661
661
656
661
665
660
658
663
664
657
658
664
663
656
660
662
655
653
657
654
645
645
649
642
636
639
636
627
625
630
624
618
622
623
615
613
619
614
605
607
609
603
595
600
592
591
596
591
585
593
605
615
636
650
660
680
700
709
717
736
745
745
751
763
761
755
758
759
749
742
743
737
725
721
721
711
700
700
694
682
677
679
669
659
660
658
647
640
643
638
629
630
633
627
623
633
634
630
632
643
642
638
648
652
651
650
660
659
654
659
665
661
656
663
663
656
656
661
657
648
653
653
645
640
646
642
632
634
636
630
623
627
625
617
617
622
617
610
614
615
607
604
609
605
597
598
597
591
597
596
589
589
595
595
591
605
615
623
634
657
672
684
706
727
738
747
765
777
776
783
792
790
784
788
789
778
770
772
764
750
745
743
733
723
721
717
704
698
697
686
674
675
671
662
653
656
649
640
639
641
635
629
637
638
634
635
643
641
638
645
650
645
645
655
655
650
655
660
656
652
659
658
650
648
654
648
641
643
643
636
630
635
632
623
623
626
619
613
620
617
610
608
613
607
601
604
605
599
597
603
600
591
593
594
587
581
586
586
580
580
587
582
576
580
582
579
580
596
605
612
632
656
668
681
704
721
727
743
761
768
771
783
788
782
778
782
775
764
762
762
753
743
744
738
724
716
717
706
694
694
691
681
673
676
667
655
653
653
646
638
643
644
636
637
644
639
634
641
646
643
644
654
652
649
654
659
656
651
658
659
652
653
659
653
646
651
650
642
637
641
638
629
630
632
626
619
623
623
613
613
616
611
604
607
609
600
606
596
598
601
597
591
598
598
590
590
592
589
582
587
588
580
579
586
584
577
581
587
585
586
613
620
635
659
672
683
705
723
731
741
758
766
765
772
780
774
767
771
767
755
751
749
739
727
723
719
705
695
694
684
674
668
667
656
645
646
639
629
624
627
621
612
618
620
616
615
624
625
621
627
635
634
633
642
644
642
643
652
649
645
649
653
646
642
647
643
635
636
637
630
624
628
626
617
617
621
615
607
610
609
597
601
596
587
587
589
582
575
582
580
571
571
574
570
563
567
568
561
558
565
562
554
558
560
555
551
558
557
551
553
560
559
558
570
580
586
597
619
634
645
664
685
695
703
722
730
732
735
747
744
740
743
742
732
726
727
719
705
701
698
686
673
673
664
651
644
643
631
619
617
614
600
593
594
589
578
579
583
576
573
580
581
576
578
587
586
583
590
594
593
593
604
603
597
604
609
604
599
606
604
597
595
600
593
584
588
588
579
574
580
574
566
569
570
563
557
563
560
553
553
557
553
545
550
551
544
542
547
544
536
538
542
536
531
537
535
529
528
534
530
524
530
533
530
532
544
551
556
573
593
603
616
640
655
664
679
697
702
705
716
721
717
715
720
716
706
705
704
692
683
683
677
663
657
655
644
631
632
626
613
605
604
596
584
582
582
573
566
572
571
564
566
573
572
568
576
582
579
580
590
592
588
593
600
597
595
603
604
598
597
604
598
592
598
597
590
586
591
586
578
578
582
574
568
574
572
563
563
568
563
555
560
560
554
550
556
552
545
548
550
545
540
546
545
539
538
544
540
536
541
546
543
549
564
571
577
596
614
627
640
663
679
686
701
716
721
723
734
740
736
736
742
737
728
728
727
715
705
707
699
686
680
681
669
659
657
652
640
632
633
625
613
614
614
607
600
605
604
597
599
606
605
601
609
615
611
612
622
621
617
625
631
628
626
636
636
631
631
637
632
626
630
631
623
620
626
622
612
616
616
611
605
611
609
601
605
600
592
595
598
589
587
592
589
581
584
589
581
578
585
582
576
579
587
586
585
598
609
615
629
651
665
675
697
716
726
736
754
761
761
768
779
774
771
776
776
767
763
766
758
746
745
744
732
723
725
720
707
703
702
693
681
683
679
667
662
666
659
650
653
655
650
647
655
656
651
655
663
661
660
668
671
669
670
679
678
672
679
683
678
674
681
679
672
672
677
671
663
668
668
661
657
663
659
651
654
655
649
645
651
649
640
640
645
638
631
636
636
628
626
632
627
620
622
626
621
617
626
628
628
638
656
664
674
696
715
724
739
760
769
775
787
797
796
795
805
803
797
796
799
790
781
780
778
764
757
758
748
736
734
733
721
711
712
703
690
686
683
673
660
661
660
648
644
650
646
641
646
652
650
650
660
663
660
663
671
670
666
674
676
671
670
677
674
667
671
673
668
661
667
665
656
657
660
654
647
652
653
644
643
649
644
637
640
642
635
631
637
633
626
626
629
624
618
623
624
617
617
623
619
613
619
623
620
621
636
643
648
663
684
695
708
730
745
754
766
784
789
789
798
804
800
797
802
797
788
784
785
776
765
765
759
747
743
742
734
722
719
719
708
699
701
693
681
678
680
670
663
667
666
658
657
664
661
656
662
667
662
660
670
670
667
670
677
673
668
674
676
670
669
674
670
662
666
667
658
654
659
657
649
650
653
646
639
644
643
635
633
638
634
625
628
630
623
619
625
621
615
616
618
611
605
610
608
601
600
607
604
597
604
599
597
606
607
605
615
630
637
646
669
684
696
710
733
742
748
764
774
776
776
788
785
779
779
781
773
762
764
759
747
741
741
730
718
718
716
705
696
699
691
678
675
675
665
656
658
655
647
644
649
646
639
644
646
641
639
648
647
644
647
655
651
649
658
659
655
655
660
657
650
655
656
648
645
650
647
637
639
640
634
626
633
630
623
621
623
619
611
615
616
608
604
611
608
600
603
607
600
595
600
593
593
597
592
584
590
590
583
581
587
584
578
580
586
580
576
584
587
584
590
604
611
619
639
659
669
683
707
720
727
739
757
759
760
771
773
765
766
770
763
752
752
749
738
730
731
723
711
707
707
695
685
686
681
669
663
664
655
644
646
643
635
630
635
632
625
628
633
628
626
635
635
631
635
643
641
639
644
648
643
642
650
646
639
643
644
639
633
638
636
627
627
632
626
618
623
622
614
612
616
611
603
604
606
600
593
599
597
589
588
595
589
582
588
590
584
581
589
586
580
583
586
577
575
582
580
573
574
578
575
569
574
575
568
567
575
574
571
580
592
598
607
628
644
655
674
696
709
716
735
745
748
751
763
763
757
761
762
755
746
749
745
733
727
725
715
703
704
697
687
677
678
668
656
653
652
640
633
635
630
620
619
623
618
611
618
619
615
614
624
623
618
625
631
626
625
635
635
631
632
639
636
630
637
638
632
630
639
635
626
629
631
625
619
624
621
611
611
614
609
600
604
605
596
594
600
595
587
590
591
584
580
586
583
576
576
580
574
568
574
574
567
564
571
566
557
561
563
556
551
558
555
548
549
553
547
541
547
548
544
545
558
564
568
586
605
615
629
653
669
678
692
710
715
718
730
735
729
729
735
729
719
718
716
704
696
696
688
676
670
669
657
646
647
640
629
621
623
613
603
600
592
586
590
586
578
580
586
580
575
584
587
582
584
592
592
588
596
601
597
595
603
604
596
598
603
597
592
595
594
587
584
588
583
573
577
578
570
564
569
564
556
556
561
553
548
552
551
544
543
549
543
537
540
544
535
532
538
536
529
531
535
529
524
530
529
521
521
527
523
516
521
523
517
514
520
521
514
518
527
526
528
545
557
566
583
606
619
630
651
670
676
684
701
706
704
710
717
712
706
711
706
696
691
693
682
671
670
665
653
645
646
639
627
625
624
616
606
608
604
594
589
594
587
580
584
586
581
579
588
588
583
588
597
593
593
601
603
598
601
609
608
604
609
613
607
605
610
608
601
603
606
598
593
597
595
585
583
587
580
574
577
577
570
567
573
571
562
565
570
565
560
566
568
561
562
567
563
557
562
565
558
555
563
561
554
558
563
557
553
561
560
554
555
563
563
560
571
580
585
596
618
632
644
666
688
700
711
731
742
745
751
764
763
761
767
767
758
754
755
748
736
734
731
721
710
713
706
693
689
688
680
668
669
665
654
647
650
643
634
634
636
629
626
632
633
629
632
640
639
635
644
648
644
643
654
652
648
653
659
654
651
658
658
650
652
658
653
646
652
651
643
640
644
639
630
632
634
627
621
626
624
616
616
621
615
609
614
614
608
606
613
610
604
607
609
599
605
604
596
598
603
599
593
598
600
594
593
603
601
613
627
633
646
669
685
695
714
735
747
754
773
784
786
790
800
800
795
798
799
790
783
785
779
766
761
761
750
737
737
731
719
711
711
702
688
686
684
673
665
668
663
653
652
657
652
646
654
656
652
652
663
662
658
665
670
668
666
676
676
672
674
681
677
672
679
679
671
671
674
671
662
665
667
658
654
658
655
645
644
648
641
633
638
638
630
627
633
627
620
625
627
620
617
623
620
613
614
618
613
607
612
613
605
605
610
607
600
606
610
607
608
624
632
638
655
676
690
702
725
741
750
761
780
786
787
798
805
798
795
802
796
785
784
782
772
760
760
754
741
732
733
723
711
710
707
694
687
688
681
669
667
668
659
650
655
653
646
644
652
648
643
651
655
651
652
660
662
655
662
669
665
662
668
671
667
666
673
669
661
666
666
658
654
658
654
645
645
648
641
633
636
634
626
624
629
624
617
621
623
616
612
618
614
607
607
611
604
597
603
601
593
592
598
591
587
591
593
588
586
594
595
594
604
618
625
635
658
675
686
702
725
736
743
760
771
773
774
784
784
778
779
780
771
763
762
757
744
738
739
728
716
714
710
699
689
691
681
668
665
662
652
642
646
640
628
628
632
628
622
630
632
628
629
638
639
635
641
646
644
642
650
651
647
647
655
650
645
650
651
643
640
645
642
633
634
637
628
622
625
625
617
615
620
614
607
609
610
603
600
605
601
595
597
601
595
588
595
594
585
584
590
584
578
583
585
576
574
581
579
574
581
588
590
593
610
623
631
647
670
682
692
713
729
735
744
760
763
764
769
775
769
762
767
762
752
746
747
737
724
723
717
703
695
694
685
672
668
665
653
643
644
638
625
621
624
618
611
615
616
610
610
617
616
611
619
626
623
621
632
632
628
630
639
634
630
638
640
632
630
636
631
622
623
624
618
612
616
614
605
604
610
603
595
599
598
589
587
592
587
579
582
583
576
569
575
572
564
565
569
565
559
564
564
557
555
561
558
552
555
558
552
550
558
559
559
569
586
595
605
630
649
661
676
698
709
714
730
740
740
741
750
750
740
740
740
730
720
721
715
703
696
695
685
672
670
666
654
644
644
636
623
620
618
608
598
600
597
589
586
591
588
583
588
594
589
588
597
598
594
597
606
603
599
608
610
605
604
611
609
601
605
607
600
595
599
596
586
585
588
580
572
578
576
567
565
570
565
557
562
563
556
553
561
557
549
551
555
549
542
545
547
538
537
543
539
531
535
538
531
529
537
538
533
539
549
552
556
575
589
598
616
639
652
662
683
699
705
709
724
729
725
731
736
731
724
729
725
712
706
705
694
682
681
676
665
656
656
649
636
633
632
621
611
615
611
601
597
596
588
593
595
590
589
600
600
597
604
613
610
608
618
622
617
619
627
624
619
622
624
617
613
618
614
607
608
611
605
599
605
604
596
595
600
595
586
590
591
583
578
583
578
571
572
577
571
566
572
572
567
567
573
569
563
569
570
565
561
568
566
559
561
567
564
563
576
587
591
606
629
644
655
678
697
706
718
738
746
747
757
764
762
757
763
762
752
748
749
742
730
731
728
716
707
709
701
688
686
685
673
665
666
662
650
645
649
642
633
637
638
632
630
638
639
632
637
645
640
638
647
648
645
647
654
653
649
656
659
654
653
660
658
650
653
655
648
641
647
644
634
633
636
631
622
627
628
619
615
621
617
610
612
616
609
606
612
611
603
608
603
596
601
601
595
592
600
598
591
594
598
593
589
597
599
595
600
612
617
623
641
658
669
683
708
723
733
750
768
773
776
791
793
790
793
798
793
783
785
782
770
762
762
753
741
739
737
727
718
719
713
702
698
700
690
680
682
679
670
662
668
663
654
658
660
656
653
662
663
658
660
667
665
660
668
671
665
664
673
671
664
668
671
665
658
666
663
656
655
661
653
645
650
648
639
634
638
634
625
628
629
622
615
621
618
610
610
615
611
605
611
612
604
608
604
596
600
603
597
592
599
598
590
590
594
590
584
590
594
589
591
604
609
613
630
647
658
671
696
712
721
736
754
760
764
776
782
777
779
784
780
771
770
768
757
749
749
743
731
727
728
717
707
707
704
692
685
688
678
667
668
668
658
651
654
650
641
642
646
641
635
643
644
639
640
648
647
642
648
655
652
649
658
658
650
653
658
653
646
650
651
642
639
644
638
630
631
634
625
620
626
623
615
614
618
613
606
611
611
604
600
607
595
599
594
590
598
596
589
590
595
589
582
588
588
581
579
585
583
576
580
584
580
577
586
589
589
599
614
624
633
655
673
683
698
720
730
734
748
759
758
759
769
766
759
756
759
749
739
739
733
721
713
714
703
690
687
686
673
664
665
657
646
642
643
634
623
625
623
612
609
613
609
607
609
604
601
610
609
604
608
614
611
607
615
617
613
612
618
614
606
610
612
605
599
605
601
592
592
596
587
581
583
582
573
569
574
570
562
564
565
558
552
559
556
549
550
555
550
544
549
550
542
540
547
543
535
539
541
534
531
537
536
527
528
534
530
525
530
531
524
525
535
535
536
551
565
574
587
611
626
634
652
671
678
683
697
705
705
708
719
718
712
719
722
714
711
717
715
707
709
711
705
698
701
701
693
688
691
684
673
674
674
664
660
664
660
651
652
659
652
647
652
652
645
644
649
645
636
640
641
635
629
634
629
620
618
621
612
603
607
604
593
589
590
586
574
574
575
565
558
562
559
550
548
552
545
539
545
545
538
535
542
537
531
535
538
532
529
538
539
536
543
552
555
557
573
583
585
594
611
616
617
628
638
636
635
647
650
649
655
670
676
684
707
724
736
752
777
792
802
820
837
842
847
860
860
855
856
859
851
839
839
832
818
808
805
792
774
767
757
741
725
722
708
690
678
670
654
637
635
625
611
605
606
600
589
594
598
591
589
597
597
593
596
603
601
596
605
606
601
601
607
603
596
601
604
597
594
600
597
590
590
594
588
580
585
584
574
573
577
572
565
567
570
562
558
564
562
554
556
559
553
547
553
553
545
543
548
545
538
542
544
537
534
540
539
532
534
540
535
531
538
539
534
536
547
552
554
572
589
600
613
639
654
665
682
702
710
714
728
736
733
734
741
735
726
730
727
716
708
709
702
689
684
684
675
664
665
660
648
643
643
635
623
623
622
611
605
610
606
598
601
606
601
598
606
609
604
607
615
615
610
618
623
619
617
627
627
621
625
630
627
620
625
625
617
614
619
614
606
611
612
605
599
607
604
596
597
601
596
590
595
597
588
588
595
591
585
591
594
589
586
594
592
587
588
593
587
581
588
589
583
582
589
586
580
585
588
583
582
595
598
600
613
633
643
656
681
700
708
727
748
758
763
777
787
787
786
795
793
783
781
777
767
757
757
753
740
732
733
721
708
707
704
692
682
685
678
666
663
663
653
643
644
640
630
627
632
626
622
624
629
624
622
632
633
628
633
641
638
635
643
645
638
637
643
638
630
631
632
623
616
619
613
603
600
594
584
589
587
578
576
581
576
569
574
576
572
568
575
573
565
569
574
568
564
570
570
563
561
566
562
555
559
561
554
550
560
557
551
553
559
556
554
566
573
577
589
611
624
635
658
678
687
699
719
728
731
740
750
749
744
748
749
736
731
732
723
711
709
706
691
682
683
674
659
656
654
643
632
633
626
613
607
608
598
587
587
588
578
573
579
577
571
573
581
577
575
583
588
585
588
597
596
591
597
600
594
592
597
595
584
586
587
578
569
569
567
556
551
555
546
536
538
538
530
524
531
528
520
523
528
523
518
525
525
519
518
523
518
512
514
515
508
503
510
506
497
497
500
493
487
492
494
490
495
510
516
524
544
563
575
588
614
626
635
650
665
670
672
683
687
683
683
689
684
676
677
674
665
657
660
653
640
638
636
626
615
617
610
599
593
592
583
572
571
570
561
554
558
554
546
547
551
548
544
551
553
548
550
558
559
555
562
569
566
566
576
578
572
575
579
575
570
575
574
565
563
564
557
546
545
542
531
523
526
518
505
503
502
492
484
486
483
473
471
475
471
465
468
472
466
464
471
471
468
474
483
483
485
502
515
523
540
564
580
594
620
641
652
666
686
695
699
708
718
716
712
716
716
706
699
699
688
674
672
667
654
645
645
638
624
622
621
610
598
598
594
582
576
578
572
561
564
565
557
555
563
563
558
564
571
569
566
574
576
572
573
580
578
574
579
582
576
572
580
577
570
571
574
567
561
564
561
552
548
550
543
534
536
535
526
519
523
520
509
509
511
505
499
503
501
495
492
498
493
487
491
494
491
491
504
512
518
533
554
566
579
603
619
628
641
660
667
668
679
687
684
681
687
684
673
672
671
661
649
648
642
627
618
618
605
592
589
584
570
560
559
552
540
535
538
528
520
523
521
514
513
520
516
512
518
523
520
519
529
531
527
532
540
536
533
542
545
540
540
546
543
537
541
544
536
533
537
535
527
526
528
521
514
518
516
508
505
511
505
497
500
503
496
492
497
494
487
489
495
492
488
499
508
512
525
546
559
569
592
611
622
633
654
666
667
674
683
681
678
683
683
673
668
670
661
649
647
643
631
622
622
614
598
596
585
574
574
568
558
551
555
547
538
541
543
538
534
544
543
538
543
551
549
549
557
561
559
561
570
569
565
571
576
572
570
577
575
567
569
573
567
559
564
564
556
553
558
554
545
547
549
542
536
543
540
532
532
536
529
523
528
529
522
523
533
536
539
556
572
582
595
620
636
648
665
685
693
698
714
721
720
720
729
726
718
721
721
710
701
703
696
682
678
676
666
655
656
651
639
632
633
625
613
613
613
604
598
603
600
592
592
598
596
591
600
604
600
603
613
613
610
618
624
623
621
633
633
630
634
641
637
632
639
639
631
628
635
631
622
625
626
619
613
619
616
607
608
612
608
601
607
607
601
598
604
600
596
601
610
610
615
634
646
655
673
693
707
717
738
753
758
769
781
785
783
789
795
788
784
789
785
775
773
772
764
751
753
748
737
730
732
724
712
711
707
697
687
689
684
673
673
675
669
662
667
667
662
661
669
668
664
670
677
674
674
683
685
679
682
690
686
682
690
691
686
682
689
684
676
679
681
675
669
675
671
663
662
666
657
650
654
653
643
641
647
644
636
638
640
635
631
641
645
644
653
670
678
687
710
726
737
751
772
783
790
802
814
814
816
825
825
819
819
822
813
803
804
799
789
780
780
772
759
757
757
747
737
739
733
722
718
719
711
699
703
700
690
685
691
686
679
681
684
680
676
685
686
682
684
691
688
684
692
695
690
689
697
694
687
691
694
687
682
688
685
676
676
680
674
666
671
669
661
657
660
655
646
647
648
642
636
641
638
631
631
636
633
626
633
637
635
638
656
662
670
687
708
718
729
754
767
772
785
799
802
804
812
815
811
808
812
807
796
794
793
781
770
771
763
752
746
746
737
725
726
721
711
703
706
698
687
685
685
676
668
672
669
660
659
666
661
655
661
664
656
656
666
662
658
663
669
666
663
670
670
663
663
667
663
655
658
659
651
646
652
648
639
641
644
638
631
637
635
626
625
629
622
615
619
618
611
607
613
608
600
605
598
593
598
597
591
590
596
593
588
596
604
605
612
632
644
654
674
695
707
719
740
753
756
765
781
781
779
787
789
782
778
782
774
762
759
756
745
735
734
727
715
709
710
701
690
689
686
676
670
672
664
653
653
653
645
636
642
639
634
633
638
635
630
637
640
636
635
645
645
639
646
652
648
644
651
650
642
642
647
643
635
639
640
632
628
632
627
619
621
622
615
610
614
612
604
601
606
601
595
599
601
595
592
597
594
586
588
592
586
581
587
585
578
577
582
577
570
574
575
569
565
573
570
566
570
577
576
580
597
609
619
636
660
674
686
708
723
730
738
753
758
754
763
767
763
756
759
754
745
739
740
731
719
719
716
704
696
697
689
677
673
673
662
652
653
647
637
633
635
627
620
623
625
620
617
626
623
619
623
629
626
622
631
632
627
628
636
633
628
634
636
630
627
634
630
624
624
627
620
613
618
616
607
605
607
604
595
599
601
592
588
591
589
583
584
587
581
576
581
581
573
573
578
574
568
572
576
570
566
574
572
565
567
570
564
559
565
564
557
556
562
557
551
555
558
551
550
560
560
559
569
585
593
604
629
647
659
676
699
710
719
734
745
746
747
757
757
750
750
751
742
734
735
728
718
710
711
702
689
688
685
674
665
666
659
647
642
643
633
623
626
624
614
613
617
613
607
612
614
613
610
619
618
611
615
623
621
616
625
626
621
621
628
626
619
623
625
619
614
620
618
609
609
613
605
599
603
599
590
588
592
587
578
582
582
575
571
578
575
568
570
574
568
563
567
570
562
562
567
563
557
562
563
559
555
561
560
553
554
559
554
548
554
554
547
545
552
547
541
545
548
542
541
552
555
557
570
590
600
612
637
656
668
683
706
715
721
734
744
743
742
751
749
741
738
740
732
723
722
717
704
699
699
690
677
677
674
661
653
655
647
635
630
630
622
613
614
612
605
601
607
603
596
606
601
610
610
605
610
616
614
610
619
620
615
616
622
619
613
616
619
611
607
613
609
600
600
604
597
589
594
593
585
583
588
582
574
577
578
572
566
572
569
561
563
568
563
557
564
564
558
557
564
559
553
557
560
555
551
557
555
548
549
555
548
543
552
553
545
544
550
548
542
548
554
553
559
576
590
597
617
639
653
665
689
705
713
723
740
745
744
752
756
750
745
750
744
733
730
728
719
705
705
698
687
677
680
671
658
656
652
642
632
634
627
616
613
615
607
600
604
604
597
596
603
601
596
608
605
603
613
613
608
612
619
615
611
618
618
612
611
616
613
605
607
608
601
595
601
596
588
588
590
583
575
577
577
568
566
570
565
556
559
562
555
550
555
553
546
546
551
546
539
545
546
539
536
542
538
531
533
536
530
526
531
530
522
523
527
522
518
524
526
522
525
535
541
545
562
581
593
606
631
647
657
673
691
699
702
716
721
719
719
726
722
712
714
710
700
689
690
682
669
664
662
650
638
637
632
618
611
611
590
588
585
576
568
572
568
560
559
565
560
555
563
566
560
561
570
569
565
571
577
573
571
580
580
575
577
584
578
574
578
579
571
570
576
571
561
564
565
557
552
557
554
546
546
550
543
537
542
542
534
532
539
536
529
532
535
528
524
531
529
521
522
527
522
515
521
523
515
514
520
518
512
515
519
514
511
522
524
525
536
553
563
574
598
617
630
646
670
681
686
702
713
714
715
725
725
719
721
722
715
704
706
702
690
682
683
676
663
661
657
645
635
635
629
616
611
612
603
592
596
593
585
582
590
586
581
587
593
590
589
599
601
597
610
609
607
615
619
614
614
621
619
613
615
620
612
608
615
614
605
603
607
600
592
595
596
589
585
590
586
578
580
583
575
570
576
575
568
569
575
570
564
568
569
562
560
566
561
554
558
560
554
549
556
554
547
549
557
554
555
567
579
585
600
624
640
651
674
696
706
717
736
746
747
754
763
761
756
762
762
752
748
750
741
730
728
726
714
704
704
697
683
679
678
666
654
654
650
636
631
632
625
616
617
621
614
609
616
616
611
614
622
620
616
625
628
625
625
634
633
628
634
639
634
630
638
636
629
630
633
629
622
624
625
616
612
618
612
603
605
607
600
594
598
598
590
589
594
588
581
586
587
580
576
583
580
571
574
576
569
564
570
569
561
564
568
564
559
565
568
564
568
583
591
600
620
641
654
668
694
709
719
734
753
759
760
773
777
773
772
778
771
762
762
760
750
739
740
732
719
712
712
702
689
689
684
673
663
665
657
644
644
644
633
626
631
628
620
619
625
620
615
623
625
621
622
632
631
628
633
641
636
633
643
642
637
638
643
638
632
637
637
629
625
631
625
617
619
621
612
606
612
609
600
601
606
600
594
599
599
591
588
593
588
582
584
587
580
575
580
578
570
570
574
571
564
571
572
564
563
570
569
565
574
587
593
603
627
642
655
675
699
713
722
742
755
759
764
777
777
772
777
779
771
764
765
760
746
742
740
729
718
716
712
699
691
692
682
670
667
666
655
645
647
641
631
628
631
624
619
623
627
621
619
628
627
623
629
637
634
632
641
643
638
640
647
643
638
644
644
637
635
640
637
628
631
632
626
619
625
622
612
613
614
609
601
605
604
596
594
599
596
588
591
593
587
581
587
586
578
577
581
576
570
575
576
569
567
573
572
565
568
573
569
568
582
589
595
610
632
644
657
682
701
712
726
746
755
759
767
777
775
773
779
777
767
764
767
757
745
746
740
728
720
720
711
698
696
694
681
673
672
666
654
649
650
641
632
636
635
626
624
630
629
622
628
633
629
626
638
638
633
636
644
642
636
645
648
643
641
649
646
638
639
642
635
629
634
632
622
621
625
619
611
614
615
605
603
608
603
595
599
600
593
589
595
592
585
586
590
584
577
581
580
572
570
575
571
564
567
572
564
561
568
567
561
563
570
569
570
583
595
617
640
655
667
689
709
718
728
746
755
756
762
772
768
763
766
765
755
749
750
742
729
726
723
711
701
702
694
683
677
678
667
655
656
652
642
634
638
631
622
623
625
618
615
621
621
615
617
625
622
620
628
632
627
628
637
634
630
635
639
635
629
638
635
626
626
630
623
616
620
619
612
608
613
609
600
601
603
595
589
595
592
584
584
588
582
574
580
580
572
569
575
572
564
569
570
564
558
564
561
554
555
559
553
548
553
553
547
545
551
548
542
548
557
557
563
583
596
604
623
646
659
671
691
705
710
719
732
735
731
737
739
732
725
727
722
709
704
702
691
678
676
671
657
649
651
640
628
627
625
613
604
605
599
587
584
586
578
570
575
574
568
567
574
570
567
572
579
575
573
582
582
578
581
589
585
578
585
586
580
578
583
578
571
573
576
568
561
566
563
554
553
556
550
539
545
544
537
533
538
533
524
527
530
523
518
525
524
515
516
521
517
510
515
515
507
505
510
508
500
503
506
499
496
502
500
494
496
503
500
497
510
519
524
535
558
570
580
604
621
631
641
660
668
669
677
688
685
681
686
686
679
672
675
667
655
652
652
639
628
629
620
608
603
592
580
581
576
565
559
563
556
545
548
549
542
538
545
545
540
545
552
549
547
556
559
555
557
567
565
561
567
570
565
562
569
567
559
560
564
560
551
557
556
547
545
549
544
537
540
542
535
530
536
533
525
526
530
525
519
525
527
518
517
523
520
514
518
522
514
511
517
517
508
512
515
511
505
511
512
505
506
515
514
511
521
535
538
550
572
588
598
617
639
651
660
678
689
690
695
707
707
702
706
707
699
691
695
687
676
673
673
662
650
652
647
634
627
629
620
607
606
604
594
587
589
585
576
576
580
575
569
577
579
575
576
586
585
580
588
594
591
591
601
601
597
600
608
604
600
607
608
601
600
606
595
598
601
592
588
593
590
582
582
586
581
575
580
580
572
570
578
574
567
572
574
569
563
571
571
562
565
567
565
559
564
565
559
559
565
562
557
562
567
563
564
576
582
587
601
621
631
643
667
684
693
706
727
734
740
754
764
765
765
774
771
765
764
769
760
751
753
750
735
730
733
723
711
708
708
696
688
691
684
672
669
671
663
655
659
657
649
649
655
654
646
653
657
653
652
662
661
656
661
667
664
661
667
671
664
664
671
667
661
664
666
658
654
660
653
646
648
651
643
635
640
637
630
629
633
629
622
626
629
622
618
625
622
616
617
622
617
610
616
617
609
608
613
610
603
607
610
604
609
608
604
610
620
623
628
646
661
672
689
712
725
733
752
767
771
777
792
794
791
795
800
795
787
791
788
777
772
773
765
753
752
751
739
731
733
727
714
712
711
701
693
694
691
680
676
681
673
665
670
671
664
662
669
668
662
665
673
670
666
675
676
671
673
681
678
673
678
681
674
671
677
674
665
668
670
664
656
661
658
651
649
654
648
640
643
643
638
632
639
635
627
629
633
627
622
628
628
621
620
625
621
614
619
621
613
609
617
613
607
609
613
607
611
612
607
610
622
627
631
649
667
676
690
714
729
740
756
772
778
782
796
800
798
799
805
799
790
792
790
778
770
773
765
753
751
750
739
730
731
726
712
709
710
700
689
690
687
676
670
673
667
659
660
664
658
654
662
662
656
657
664
661
657
664
668
663
661
669
667
660
664
668
663
657
665
663
655
653
658
652
644
647
646
638
634
640
632
625
627
628
621
616
620
618
610
609
616
611
604
608
610
604
600
606
604
596
599
603
597
590
597
595
586
585
591
587
580
585
587
581
578
587
585
580
587
598
601
605
626
641
651
668
690
703
714
734
749
753
760
773
777
772
776
781
774
767
771
767
754
751
751
741
729
729
724
713
705
708
700
689
687
686
676
666
668
662
652
648
651
644
637
640
642
633
633
639
637
631
634
641
637
636
643
644
639
641
649
644
640
646
648
641
639
645
641
632
635
636
630
623
628
625
616
614
618
612
603
608
607
600
596
603
600
591
595
598
591
586
591
590
582
583
588
584
578
584
585
578
575
582
578
571
575
578
572
567
575
574
565
566
571
567
560
566
569
563
563
574
575
577
591
608
617
631
655
673
683
700
720
728
734
747
757
755
757
766
762
754
756
754
747
736
739
733
721
714
717
705
694
693
690
677
670
672
665
653
652
651
640
633
637
633
623
622
626
622
615
623
624
619
618
627
626
622
626
632
629
625
635
634
627
631
636
632
628
631
634
628
625
630
625
615
618
620
612
606
612
608
599
599
604
598
591
595
597
588
587
593
588
580
584
587
581
575
583
581
574
575
581
576
570
576
577
571
569
575
572
564
568
570
564
559
565
563
554
554
558
554
547
553
555
548
549
559
561
562
576
593
603
616
641
657
669
686
707
715
721
737
747
745
748
758
755
748
751
751
741
733
735
729
717
712
711
700
689
689
685
673
666
668
660
646
646
644
634
626
629
626
616
616
620
615
609
617
618
613
614
621
621
615
621
625
622
619
628
627
622
622
628
623
618
623
623
614
612
617
612
604
605
608
599
595
599
596
586
586
591
584
576
580
579
571
568
572
568
560
562
565
557
553
559
557
550
550
554
550
543
549
549
542
541
546
542
535
539
540
535
529
536
535
527
529
533
527
521
527
528
522
522
529
529
528
543
556
563
576
599
617
626
644
666
676
683
700
709
709
713
725
723
717
720
720
710
702
706
699
685
681
680
669
658
659
653
642
635
637
629
617
616
614
603
595
598
593
582
581
585
578
573
579
581
576
577
585
585
580
586
592
588
588
597
597
591
595
601
596
591
598
599
591
591
597
592
584
588
589
581
576
581
576
567
568
572
566
559
565
564
555
554
561
555
549
555
557
551
548
556
554
547
549
555
550
545
550
550
542
541
547
542
537
541
544
538
536
543
543
536
540
545
540
536
544
547
543
546
560
566
572
590
609
621
634
658
673
683
699
716
721
725
739
743
741
741
747
743
733
734
731
720
712
713
705
693
689
687
678
666
668
662
651
645
647
639
628
628
627
619
612
617
612
604
607
612
607
604
611
613
608
611
618
618
613
621
625
620
618
628
627
621
623
628
622
618
623
621
613
611
614
609
600
593
589
593
589
579
580
584
577
571
577
574
566
566
571
566
560
564
567
559
555
561
559
551
554
560
554
548
555
554
547
545
550
547
541
546
547
541
538
546
543
535
538
544
541
539
552
560
565
578
601
613
626
651
672
683
697
718
730
734
744
754
753
751
759
758
748
745
748
738
726
727
721
709
700
701
692
679
674
675
664
653
654
648
636
631
632
624
615
617
617
608
604
611
608
605
611
608
605
614
616
611
614
623
620
617
624
629
624
624
632
630
623
626
631
625
619
623
622
614
613
618
612
604
608
609
601
597
603
599
590
592
595
589
582
588
585
577
576
582
576
569
575
575
568
564
572
568
560
563
566
561
556
562
562
557
556
561
557
550
554
557
551
549
556
555
553
563
575
581
590
614
632
644
664
689
702
713
731
744
749
754
767
768
764
768
771
763
755
758
753
740
735
736
726
714
714
708
697
689
692
683
671
671
670
659
647
651
643
632
629
630
624
616
621
621
616
614
620
618
613
619
623
622
619
628
629
624
627
634
630
625
632
634
628
625
633
628
620
622
624
617
611
615
614
604
603
608
601
592
597
596
588
586
592
588
581
582
586
579
574
580
578
571
571
577
573
566
573
574
565
563
570
565
558
560
563
557
552
557
555
547
549
553
548
542
549
553
550
554
572
581
589
609
631
646
660
686
703
712
726
744
748
751
761
765
761
759
764
759
751
748
748
737
726
728
722
708
703
703
693
682
683
677
667
660
662
654
644
642
641
634
626
630
627
618
617
623
618
613
619
622
617
618
626
625
621
627
632
629
626
634
635
628
630
635
630
626
630
630
622
619
624
619
612
615
617
610
606
611
609
607
595
601
601
595
592
599
595
586
588
591
583
577
582
581
573
574
579
573
567
572
573
565
561
568
564
557
560
564
558
552
559
556
550
552
560
559
561
578
592
601
617
641
657
669
691
712
721
729
747
755
756
761
769
766
759
764
763
752
745
747
738
727
723
720
708
698
700
693
681
676
677
668
656
657
652
641
634
637
630
621
622
624
618
613
619
619
612
615
622
619
615
622
624
619
618
624
623
616
620
624
619
616
623
623
614
615
620
614
606
610
609
601
598
596
587
589
589
580
573
578
574
565
566
569
562
556
561
562
555
553
559
556
549
552
556
549
543
549
546
538
538
543
537
529
535
535
527
525
531
528
520
525
528
522
520
530
534
535
545
565
575
586
611
629
640
656
676
687
691
704
714
714
715
722
723
715
713
716
708
697
699
693
680
674
674
665
652
652
648
636
627
628
622
609
605
607
596
587
589
587
577
574
578
575
568
573
578
572
569
579
578
572
577
584
581
575
582
586
580
579
587
583
576
580
583
575
570
576
574
566
566
569
561
553
558
556
548
545
550
546
537
539
542
535
530
536
535
528
528
533
528
522
527
529
521
520
527
523
515
519
522
517
512
520
517
510
512
518
513
509
516
518
511
512
519
519
518
531
544
550
561
585
601
611
628
649
661
667
685
696
696
702
712
711
705
709
711
702
695
700
693
682
680
681
671
661
663
659
647
642
644
636
624
625
622
613
605
608
605
595
594
601
596
592
600
598
600
609
608
604
611
617
614
613
621
621
616
618
624
620
615
623
624
617
616
623
619
613
616
618
611
606
611
610
601
601
605
598
590
596
597
590
588
595
592
586
591
594
589
585
593
592
587
587
592
587
582
587
587
580
577
584
581
575
579
584
578
575
583
583
576
581
591
593
596
614
628
637
650
677
690
700
721
737
744
753
767
773
770
775
781
778
771
775
772
763
756
760
750
739
738
736
726
718
721
714
703
701
701
692
680
682
679
668
663
667
660
652
653
654
648
643
651
651
644
649
656
653
650
657
660
657
657
665
663
657
661
667
660
658
665
662
654
655
660
654
646
651
650
642
638
644
638
627
631
632
623
619
624
623
615
615
620
615
610
616
618
610
609
617
612
605
610
611
604
599
605
604
597
598
603
598
592
599
600
592
592
599
596
592
601
609
611
618
638
652
662
680
705
716
728
751
765
769
779
792
795
792
798
801
795
787
791
785
773
768
769
758
747
747
744
732
725
729
721
710
709
707
698
691
692
686
675
671
674
664
655
660
658
652
649
656
652
646
651
654
650
647
656
656
650
653
660
655
651
657
658
652
650
655
651
643
647
648
641
635
639
637
629
627
631
624
617
623
620
613
611
616
610
601
606
607
600
595
599
592
595
600
594
587
593
593
586
584
589
585
577
580
582
576
571
578
576
568
570
576
569
567
575
579
577
583
600
609
617
638
658
671
684
708
722
730
743
758
760
762
771
775
768
767
772
765
754
755
752
741
732
734
726
715
712
713
703
691
692
688
677
670
672
665
654
654
652
643
635
640
636
627
629
634
631
626
632
633
627
628
635
632
628
634
639
635
631
641
639
632
634
641
634
629
633
633
625
622
627
623
613
616
619
610
605
610
607
598
596
600
595
587
592
591
583
581
588
584
576
580
582
576
571
578
576
569
571
575
571
564
570
569
561
559
564
560
552
557
559
552
548
556
554
547
550
557
557
558
571
583
589
603
628
643
654
675
696
704
715
735
741
742
746
757
753
749
755
753
743
738
742
732
721
718
717
704
695
697
690
678
676
675
666
655
657
653
642
636
639
633
623
624
624
616
612
618
616
611
613
620
617
614
622
622
618
619
628
626
618
627
630
623
620
626
622
614
614
618
612
604
609
607
599
595
601
595
588
590
592
585
579
586
583
574
574
577
572
565
571
572
563
561
569
565
557
561
563
558
554
560
558
552
552
558
549
544
550
550
543
540
548
543
536
540
542
536
532
540
538
532
536
546
547
552
572
588
597
613
638
652
663
682
699
705
710
726
729
728
730
738
733
725
729
726
716
710
711
702
690
690
687
679
673
676
672
662
661
664
655
648
652
652
645
645
652
651
644
650
655
652
651
661
663
660
664
673
672
669
679
684
682
687
700
704
704
714
723
721
723
733
734
728
730
737
732
724
730
728
719
715
718
712
703
705
706
699
697
704
702
695
696
701
696
689
693
693
685
681
687
681
672
676
678
671
665
672
670
660
662
665
658
650
653
650
641
636
639
633
624
626
631
622
622
633
637
640
654
674
689
704
731
753
767
787
811
825
833
848
863
865
868
879
883
878
882
888
882
874
876
873
863
857
859
851
838
839
842
834
831
838
836
828
828
830
820
810
812
808
799
795
801
797
789
793
799
795
793
804
804
801
805
813
808
802
807
807
797
794
800
795
785
789
790
783
776
782
779
769
772
776
771
764
769
767
758
754
756
748
736
735
734
723
713
713
707
693
687
684
673
660
661
657
647
641
646
639
630
633
635
628
622
628
625
617
618
621
615
609
614
614
606
604
609
605
596
601
604
600
601
615
625
631
649
670
681
693
714
731
735
740
757
757
753
756
756
746
737
735
724
707
698
692
677
660
656
645
629
619
615
605
590
586
582
570
560
560
553
542
537
538
529
520
523
521
514
512
519
516
511
516
522
518
516
526
526
522
527
535
533
529
536
539
532
533
539
536
529
532
535
528
523
527
524
516
513
519
511
505
509
508
501
497
503
501
492
496
499
493
489
496
494
486
486
492
487
480
485
487
480
478
484
483
475
478
482
476
471
478
477
471
471
476
472
465
471
472
466
466
476
478
476
492
508
518
531
556
574
587
607
630
641
649
666
675
675
679
689
686
680
682
684
673
665
667
659
647
640
642
632
620
621
617
606
600
593
582
582
581
571
562
566
561
550
549
554
547
540
547
548
543
543
551
551
545
552
559
554
553
562
562
557
560
567
564
559
565
566
558
556
563
558
548
551
553
545
538
543
540
530
529
533
527
519
523
523
514
511
517
514
505
508
511
504
499
506
505
497
497
503
498
492
497
497
491
487
494
490
483
486
490
483
478
485
485
477
479
487
485
484
498
509
514
527
551
566
578
600
621
632
642
661
671
672
678
688
686
680
687
686
677
670
673
665
651
650
648
635
624
626
618
606
600
600
591
579
579
576
565
557
560
553
542
543
543
537
532
539
539
533
536
544
543
538
546
550
545
545
555
555
550
556
561
556
552
559
557
550
549
555
550
544
549
550
541
535
541
536
527
530
532
525
520
526
523
515
514
520
514
507
513
516
509
506
512
508
501
502
506
499
494
502
501
493
494
501
496
491
498
499
496
495
506
509
509
522
537
546
557
582
599
610
627
651
660
667
682
692
694
697
706
705
699
702
705
696
687
689
685
671
666
666
657
644
646
641
628
621
622
613
603
601
601
591
584
587
585
575
576
581
576
573
580
584
581
582
593
595
592
598
606
601
611
612
606
608
615
609
604
609
610
603
600
604
592
594
598
590
584
589
587
578
578
583
577
571
575
575
569
565
571
568
561
563
568
562
557
563
562
554
554
560
557
550
556
559
553
552
559
559
555
564
577
584
593
616
633
644
663
685
699
707
726
740
743
748
759
762
756
759
762
754
746
750
743
732
727
728
718
707
705
702
690
682
683
675
664
660
659
648
638
640
635
624
623
625
620
614
619
622
616
616
625
625
621
626
633
631
628
637
639
633
635
642
639
634
639
642
635
633
638
634
625
627
630
622
617
621
620
610
609
613
607
601
604
605
597
593
600
596
589
591
594
587
582
587
585
577
576
583
577
570
575
577
569
567
575
574
569
576
586
587
594
613
627
638
655
681
693
704
726
742
749
755
771
774
772
777
783
778
771
776
771
761
756
756
747
734
734
731
720
713
715
708
697
694
695
685
674
678
674
662
658
661
655
647
651
652
645
644
651
649
642
647
652
649
645
655
655
650
652
659
657
651
657
659
652
649
656
652
643
644
646
639
633
638
636
626
625
629
622
616
619
620
615
610
616
613
607
609
618
619
625
651
678
708
754
803
835
856
885
902
908
914
928
934
933
940
949
946
941
948
948
943
946
958
963
964
977
987
984
982
990
981
965
959
949
929
908
900
880
856
837
827
808
785
777
766
748
735
734
723
710
706
705
695
686
686
681
670
664
665
655
644
644
643
631
625
629
623
613
614
619
612
607
614
614
610
612
619
615
610
616
621
614
614
620
618
611
613
617
611
604
609
606
597
595
599
593
585
589
590
581
577
582
578
570
571
574
568
563
568
567
560
559
565
560
553
558
559
553
550
557
553
544
546
550
543
536
542
540
532
531
535
531
524
530
531
527
525
537
539
541
554
572
581
592
617
634
646
663
685
697
702
717
728
728
730
741
738
731
734
737
728
721
722
717
706
701
703
694
682
684
683
672
664
668
660
648
647
645
635
625
627
622
613
609
612
606
597
597
593
601
600
593
598
603
599
595
604
605
600
600
608
603
598
603
605
598
595
600
597
588
591
594
586
581
586
586
576
576
581
576
568
573
574
567
564
570
566
560
563
569
563
560
567
566
560
561
567
563
558
564
566
561
559
566
562
555
557
562
556
551
559
559
552
552
559
555
550
556
561
559
562
579
587
595
613
633
645
657
680
697
702
714
729
734
731
741
744
737
733
737
730
719
717
717
708
697
698
692
679
673
674
665
654
656
654
644
639
641
635
624
622
625
617
612
618
617
610
612
618
615
610
616
620
616
617
626
625
621
626
631
627
623
631
631
624
625
631
627
618
624
623
615
610
615
611
601
593
585
588
585
575
573
576
571
561
567
566
558
555
561
559
551
555
560
555
550
557
557
551
551
556
553
547
552
554
546
546
553
551
544
547
551
545
540
548
547
540
540
548
544
540
547
552
551
555
573
580
589
608
630
643
658
682
699
707
721
738
743
745
756
762
757
756
762
758
748
748
746
737
725
728
722
710
704
704
694
683
684
682
671
663
667
657
647
645
644
634
626
629
626
618
616
622
618
612
618
622
616
615
623
622
617
623
628
624
621
628
629
623
623
629
625
618
623
624
615
612
619
613
605
607
607
600
593
598
596
587
584
587
583
575
578
578
570
567
573
571
562
564
567
560
555
563
562
555
555
561
558
551
554
556
549
545
552
549
541
543
546
540
534
541
538
530
531
536
531
524
530
532
525
523
531
532
530
540
555
563
574
597
615
625
643
664
675
683
699
710
712
715
725
725
717
719
720
713
703
706
699
689
682
682
673
661
659
656
642
635
636
629
619
615
615
606
597
599
594
584
582
587
581
573
579
582
575
573
582
581
577
581
588
585
583
592
594
590
591
598
596
591
598
601
595
592
597
595
586
588
590
583
576
581
580
571
570
575
569
563
566
568
560
559
566
563
557
561
564
560
555
563
562
558
559
568
565
561
569
571
566
565
574
572
567
571
576
571
566
573
572
565
564
571
565
558
563
564
557
553
561
556
553
561
571
576
585
607
621
632
649
673
684
692
711
724
726
729
743
743
736
739
741
733
724
727
722
709
703
704
693
680
680
677
666
656
660
651
638
636
634
622
612
614
609
599
595
599
594
587
592
596
590
588
600
599
595
600
607
600
608
610
604
605
612
608
601
609
609
601
597
604
599
590
593
595
588
581
585
584
574
571
576
570
560
565
566
556
552
558
554
545
546
551
545
540
546
545
538
538
545
541
534
540
542
536
534
541
540
532
535
539
532
527
533
532
524
525
532
527
520
526
526
520
516
524
522
518
526
538
543
551
573
590
601
621
647
661
674
695
712
718
724
739
742
738
743
747
741
734
737
733
721
714
715
703
690
689
685
674
664
667
658
645
644
643
633
623
626
621
610
606
611
595
598
598
591
589
597
595
589
594
601
598
594
604
606
600
604
611
609
603
611
613
605
603
609
607
598
599
594
588
593
589
579
579
581
575
568
571
571
562
559
563
560
551
553
556
549
543
550
549
541
540
547
541
535
541
543
536
534
541
538
531
533
537
531
526
535
535
527
529
535
530
524
530
531
525
524
533
536
536
553
569
579
593
617
636
649
668
694
705
715
733
745
748
751
762
760
753
755
756
744
735
737
730
716
710
708
698
685
685
681
669
662
663
655
643
640
639
628
618
620
614
603
600
603
597
590
593
595
590
588
598
597
592
601
607
604
603
613
614
608
611
618
612
607
612
612
606
601
608
603
594
596
599
592
586
590
587
577
576
581
574
566
569
569
561
558
565
560
553
555
558
551
546
552
550
543
543
548
542
535
541
541
533
531
538
535
528
529
534
527
522
528
529
522
525
535
534
535
551
564
572
586
612
628
641
662
682
692
700
717
725
723
729
738
733
728
733
732
721
714
715
705
692
690
687
674
662
663
654
640
635
634
622
609
609
605
593
584
589
581
571
572
573
567
563
570
569
563
565
573
569
565
572
576
571
572
580
579
575
579
584
577
573
579
577
568
568
570
565
558
562
561
551
546
551
546
536
539
540
533
527
534
531
522
522
527
520
512
517
516
508
505
512
507
499
503
506
500
496
504
502
495
497
502
497
491
497
500
495
496
507
510
512
529
546
554
567
593
609
619
636
657
664
668
682
689
686
687
697
691
683
684
683
672
663
665
658
646
642
644
634
623
625
621
609
603
596
583
583
582
573
565
571
566
558
559
565
562
559
570
573
570
572
583
582
