790
787
785
788
788
784
783
784
781
777
778
774
766
760
758
752
744
741
741
735
730
729
724
717
713
711
707
703
702
700
695
692
692
689
683
683
685
681
681
686
687
684
685
686
682
677
680
680
676
677
678
676
672
672
672
670
666
668
667
662
663
664
660
655
657
653
648
645
646
640
635
634
633
629
625
624
621
617
615
616
612
609
612
612
607
605
607
604
601
603
605
599
601
601
597
595
596
593
591
593
594
588
585
584
580
573
573
574
570
570
575
576
576
578
583
586
586
592
595
591
589
591
588
585
585
587
586
588
595
605
613
629
651
667
684
704
721
732
744
756
765
770
779
787
788
785
787
784
777
772
770
764
759
760
760
758
755
760
761
758
762
764
762
760
762
759
751
746
743
734
724
720
715
709
703
704
700
695
694
694
691
687
689
688
682
683
684
682
679
680
680
677
674
676
674
669
670
672
670
669
670
667
663
660
660
659
658
659
662
657
654
655
654
650
654
658
658
660
662
663
657
655
653
651
645
645
646
640
640
641
640
636
639
640
638
637
641
643
642
646
649
649
644
643
640
633
631
632
631
625
624
623
617
612
612
609
601
600
600
598
591
591
590
586
585
587
586
583
584
586
582
578
580
580
574
575
580
583
589
617
632
651
676
696
714
732
750
758
765
775
779
780
785
788
786
782
784
783
780
774
778
778
777
777
780
775
770
772
772
768
768
775
775
772
771
768
760
752
748
741
735
736
741
744
743
749
747
741
737
736
733
731
737
743
742
742
742
734
724
720
717
715
716
720
720
719
716
715
707
698
696
696
696
698
703
703
700
698
694
687
683
685
689
689
693
697
695
687
684
678
671
665
666
664
659
659
658
653
647
647
646
643
644
649
648
644
643
640
632
623
621
618
614
615
617
617
616
618
619
617
618
623
623
624
626
629
625
621
622
617
610
609
609
606
604
606
604
608
614
619
624
638
655
670
685
705
722
735
750
762
773
780
791
798
800
805
812
811
806
806
803
795
788
789
786
782
781
782
777
773
772
768
760
757
754
748
739
735
731
724
718
718
714
709
708
709
708
704
706
706
702
700
702
701
696
700
702
700
698
700
696
691
687
685
679
672
671
670
668
667
672
670
667
668
668
664
659
660
657
652
652
652
648
641
641
640
635
635
637
636
632
634
635
633
631
634
632
628
625
626
623
620
619
618
614
613
615
613
609
610
612
610
609
610
608
603
601
600
597
601
603
601
603
607
608
606
608
610
609
607
611
610
605
603
604
597
591
590
590
590
595
605
615
626
643
660
673
687
705
718
729
743
757
765
768
776
780
778
775
777
773
766
764
761
755
749
750
746
742
743
748
747
743
745
747
742
738
737
733
726
723
718
711
704
700
696
688
683
682
679
675
676
676
675
675
679
681
679
680
682
678
675
676
676
673
673
675
672
668
668
667
661
658
659
656
651
652
653
648
646
649
649
646
645
645
643
638
637
635
629
625
627
626
623
626
630
630
630
635
635
633
633
632
630
625
626
626
622
618
620
618
613
614
616
615
616
621
624
622
623
626
623
619
620
617
615
612
612
609
605
604
606
603
603
610
617
623
635
651
664
679
696
715
726
738
756
766
773
782
792
795
798
802
803
797
796
795
790
784
782
782
778
776
778
776
770
767
769
764
761
764
762
756
753
751
745
739
737
735
727
722
722
718
711
707
705
698
695
695
698
694
695
697
696
695
696
699
697
697
701
701
699
700
701
698
694
694
694
689
686
690
688
683
684
679
676
671
673
671
666
664
667
664
659
660
660
656
658
661
661
659
660
660
657
654
654
652
648
649
651
648
644
646
645
641
643
645
644
642
643
645
641
638
640
639
637
638
642
640
638
641
642
641
641
643
641
637
636
638
634
632
638
640
644
653
665
674
686
703
719
729
743
757
766
773
782
790
794
795
802
805
804
807
811
811
810
814
812
808
805
806
800
795
792
791
785
778
777
774
767
764
764
759
753
751
747
740
736
734
728
721
719
715
709
704
706
704
700
700
703
699
694
694
693
689
688
691
689
686
688
689
688
687
692
692
689
688
688
683
676
675
669
662
658
658
655
649
649
649
648
647
650
651
647
647
649
646
644
646
647
645
646
650
647
644
644
644
639
639
641
640
639
640
643
641
637
640
641
638
636
637
638
634
634
635
632
627
629
629
626
627
631
631
628
634
635
632
630
634
633
631
633
635
632
629
633
634
638
646
657
669
681
698
716
727
740
756
767
773
783
793
797
800
806
808
805
805
804
802
796
796
794
791
791
796
795
791
790
792
786
781
782
779
774
770
769
762
753
748
744
735
728
728
724
716
714
712
706
699
698
696
691
692
696
696
695
696
697
694
691
694
690
686
684
686
684
682
685
683
680
680
682
680
674
675
674
670
664
663
659
650
648
650
646
643
645
644
639
638
639
634
631
632
633
632
631
634
634
629
629
629
625
620
621
621
615
614
615
612
608
609
611
609
611
616
617
616
616
617
612
608
611
609
607
608
610
610
608
609
608
603
601
597
598
599
594
589
592
592
591
596
606
615
624
640
655
668
680
699
712
722
736
751
757
762
771
774
774
774
777
776
772
774
774
771
768
771
769
766
767
768
766
763
762
758
753
748
749
743
737
736
734
727
719
719
715
708
705
704
696
690
688
685
679
677
680
679
676
677
679
676
674
675
673
670
673
677
677
675
681
680
675
673
675
671
666
668
668
666
661
663
660
655
653
651
650
647
650
649
647
645
647
645
641
642
645
642
641
645
643
640
639
640
636
633
637
639
635
635
640
641
638
643
645
644
644
648
647
645
646
648
646
643
646
644
641
637
639
636
632
632
633
629
624
624
622
618
618
624
624
628
638
648
656
666
682
693
704
720
737
746
755
768
774
778
783
790
794
796
804
807
806
808
812
808
804
805
805
801
799
800
800
793
791
790
788
785
786
785
778
773
772
764
755
748
745
737
730
731
729
722
718
719
715
707
708
705
702
700
703
701
698
700
702
699
698
702
700
698
699
702
700
696
698
698
695
693
696
694
690
689
689
684
677
677
670
664
661
661
660
656
660
660
656
657
659
658
655
658
658
655
649
649
645
641
641
646
646
646
650
650
646
643
645
642
638
639
641
638
637
638
639
638
638
642
641
639
645
646
644
643
645
645
643
644
647
645
642
646
645
642
641
643
639
635
636
634
630
628
631
630
628
631
640
644
654
669
685
699
717
737
751
764
780
793
800
807
817
821
820
823
827
822
819
820
819
813
811
812
811
807
811
811
808
805
809
807
800
801
801
796
792
793
791
781
776
775
766
759
756
753
746
741
740
734
729
728
728
723
720
722
724
722
722
724
722
717
715
715
711
710
714
713
709
711
714
711
707
709
710
706
706
708
705
701
703
702
697
694
694
690
686
687
689
686
684
686
684
680
680
683
682
679
680
681
678
678
680
680
677
678
679
675
674
676
676
672
671
671
669
665
667
668
665
664
667
669
669
673
676
674
673
674
672
668
668
669
667
662
663
662
659
657
661
661
659
660
663
660
656
659
657
653
651
654
650
648
652
658
661
667
680
690
699
714
730
742
754
771
785
794
805
816
823
827
832
837
837
837
843
843
840
839
842
839
834
835
835
832
831
830
828
824
825
824
819
815
816
812
808
806
807
802
794
792
787
779
773
771
766
758
757
754
748
743
744
740
735
735
735
733
730
731
732
730
727
729
727
721
724
723
721
716
720
719
714
713
714
713
710
712
711
709
706
707
703
698
698
696
691
686
686
685
678
676
677
675
671
674
675
672
671
675
675
673
672
672
669
666
668
665
660
660
661
659
657
660
660
658
657
660
659
655
657
658
657
653
654
653
647
645
646
641
638
641
641
639
640
642
643
640
643
645
643
642
644
643
638
636
636
632
626
628
627
624
626
629
634
639
650
663
672
683
698
710
719
728
738
744
747
755
757
758
759
763
765
766
777
789
796
801
808
811
806
803
801
795
788
787
783
773
766
768
767
764
765
765
758
753
751
745
734
726
721
713
705
699
697
695
694
698
696
694
696
697
695
690
692
690
685
684
684
680
676
675
672
663
657
655
650
640
637
635
627
623
622
621
617
617
621
620
618
619
618
612
608
608
596
595
594
588
585
587
585
582
582
585
584
582
586
589
585
585
590
590
586
588
589
585
582
584
582
579
577
581
578
573
573
573
571
572
576
576
577
578
581
578
577
582
583
579
579
584
583
580
583
583
578
577
581
581
578
579
580
578
575
576
576
573
573
578
580
581
591
599
607
620
638
653
668
687
703
714
724
737
742
746
748
752
750
746
747
747
742
739
741
739
736
738
742
738
736
738
739
733
733
733
730
725
726
724
719
714
711
704
696
693
691
686
680
680
677
671
669
670
667
664
666
667
662
660
662
659
653
653
655
651
647
649
649
644
643
646
647
644
648
650
647
647
646
643
637
637
636
631
627
628
629
625
624
625
623
618
620
621
619
617
623
623
622
623
627
624
622
622
622
618
616
618
614
608
609
607
603
601
603
604
606
610
610
609
611
609
605
603
604
601
597
600
601
597
594
596
592
588
588
590
590
589
594
596
594
596
599
600
596
599
600
597
596
597
595
590
589
591
589
588
591
592
592
593
599
606
619
633
645
659
678
696
709
726
744
754
764
777
785
789
794
801
803
802
803
806
803
800
801
798
793
791
790
785
781
782
780
775
774
776
775
770
772
772
767
766
768
767
763
762
761
755
750
748
745
741
737
739
734
731
730
730
725
723
727
726
723
724
725
724
723
725
728
725
726
730
731
728
731
731
727
723
723
719
712
711
711
705
700
702
703
700
699
703
701
698
701
703
701
698
698
696
689
690
689
685
680
681
682
680
679
684
682
680
683
686
684
685
688
688
685
685
687
685
681
684
684
683
682
687
686
683
686
690
688
688
693
696
692
691
692
690
686
687
685
678
676
675
673
668
670
670
667
664
667
667
663
665
668
667
671
680
690
696
706
723
734
746
760
777
790
802
818
825
828
833
838
836
833
836
837
835
833
837
833
828
826
825
820
816
816
813
806
804
806
803
799
801
801
798
796
798
793
786
780
776
767
758
754
746
740
737
738
734
731
732
733
730
727
729
726
722
723
727
723
721
725
724
722
722
724
719
713
712
709
704
700
699
695
689
689
691
690
689
692
692
688
689
688
683
677
678
678
676
674
679
677
673
671
670
663
659
661
659
656
654
657
655
651
652
654
652
653
657
656
653
654
654
648
645
644
642
637
637
639
637
636
638
639
636
635
639
638
636
638
641
637
635
636
636
630
628
631
628
622
624
625
622
623
628
630
632
642
654
663
676
695
713
726
743
761
771
781
795
804
807
811
816
816
814
815
815
811
806
807
807
801
800
802
800
794
796
796
791
787
788
783
779
777
778
774
770
771
769
763
760
759
752
744
741
737
728
723
722
718
712
712
713
711
707
715
717
712
714
716
716
713
715
715
712
711
712
709
704
702
701
696
690
690
689
681
680
681
680
677
678
679
675
673
674
674
669
669
669
665
662
663
660
657
654
656
655
651
653
654
652
649
652
652
648
649
651
649
647
652
652
649
648
649
646
642
643
646
646
644
648
648
644
646
648
644
640
642
641
637
635
637
634
630
631
631
629
628
634
638
642
652
664
672
684
701
717
729
745
760
772
779
789
797
799
799
802
803
801
802
803
802
799
800
798
793
790
792
788
781
784
783
777
772
770
768
763
763
766
763
759
761
759
752
748
747
743
737
736
734
730
727
728
725
721
717
718
715
711
714
717
716
718
723
725
725
728
732
732
731
734
734
730
729
731
728
723
724
723
717
715
717
715
710
712
710
707
704
704
703
700
699
702
701
697
700
699
696
695
699
698
695
701
703
701
700
702
700
696
696
696
695
691
693
694
690
689
692
690
687
687
688
686
684
686
684
681
678
680
676
675
680
686
691
699
715
727
738
754
770
782
792
806
817
822
831
839
842
842
846
847
845
844
848
845
838
839
838
832
828
830
827
824
824
825
822
821
822
822
816
815
817
813
806
805
801
793
786
786
782
775
770
770
765
759
759
756
752
750
750
748
745
745
748
745
743
748
748
745
745
747
744
739
743
743
739
736
737
735
730
729
730
724
721
722
720
716
714
714
708
704
705
706
702
703
706
705
701
704
706
702
700
701
700
694
692
691
688
683
685
686
683
682
687
685
682
685
687
685
681
686
684
682
682
685
683
679
681
681
676
672
673
671
666
666
668
664
662
665
665
666
667
673
675
678
690
702
710
726
743
758
769
785
802
812
819
831
839
843
848
855
854
851
853
853
848
845
848
845
840
842
843
841
838
840
840
837
836
838
834
829
829
828
822
819
817
811
803
798
795
788
783
781
779
772
768
767
762
756
756
756
750
747
749
746
741
742
741
739
735
737
737
734
735
736
735
732
730
730
725
720
720
715
710
709
711
706
703
708
708
705
705
709
706
703
704
705
701
701
703
701
694
692
690
685
681
683
685
680
680
681
680
675
678
678
676
676
681
682
679
679
680
677
674
677
677
675
675
679
678
675
678
678
673
670
672
671
667
666
668
666
664
666
666
663
664
669
669
669
676
684
690
699
714
725
735
750
767
778
786
800
812
817
824
834
838
839
844
846
844
841
844
841
834
833
835
830
826
828
825
822
819
821
818
815
818
819
817
814
814
812
804
802
798
790
784
780
776
768
765
765
760
754
755
754
748
744
745
744
739
739
742
738
736
739
739
738
735
739
737
735
737
736
734
730
731
728
722
720
717
712
707
706
706
699
698
699
696
690
689
689
685
683
685
684
679
679
678
675
671
673
672
669
670
674
671
667
668
668
662
658
660
656
652
650
651
647
644
648
651
649
651
655
654
651
654
656
652
650
653
651
647
647
647
644
641
643
643
641
640
644
640
636
636
636
634
630
634
634
631
635
642
647
654
669
684
697
715
735
751
764
778
793
801
807
815
819
817
818
817
815
809
809
807
802
802
805
806
804
807
810
809
806
808
808
803
800
800
796
790
789
787
779
775
775
771
764
763
760
753
747
748
747
742
741
743
740
737
739
736
731
730
732
730
728
729
730
727
724
728
727
724
725
729
728
723
726
726
721
720
721
718
713
712
712
708
704
705
703
698
699
701
701
696
699
698
695
694
697
696
692
693
693
690
686
687
686
681
682
684
681
679
681
681
677
676
680
680
676
678
681
678
674
678
677
673
674
674
670
666
669
670
665
664
668
669
666
670
672
669
667
670
669
665
664
665
663
657
659
657
654
656
661
666
672
685
700
712
725
743
758
769
783
797
807
815
826
832
835
837
840
840
837
834
834
830
825
828
825
819
818
819
817
811
812
813
809
807
810
807
800
799
799
792
786
786
783
778
773
772
765
759
756
752
744
740
740
738
732
731
732
726
721
723
723
718
718
723
720
719
722
724
720
719
722
719
713
714
714
712
708
709
707
704
702
705
702
699
701
699
696
692
694
692
686
685
685
680
675
677
677
672
674
676
674
672
674
676
672
670
673
671
667
667
666
662
659
661
661
657
656
660
657
654
657
656
655
654
658
657
655
657
660
658
655
658
657
653
653
654
650
645
646
647
644
642
645
644
642
640
643
640
639
643
642
640
642
648
652
655
666
678
688
703
724
741
754
771
785
794
803
813
820
824
827
832
831
829
827
824
817
813
813
809
806
807
808
806
805
806
804
802
801
804
802
799
803
802
796
791
790
784
777
772
768
760
753
748
743
737
731
729
726
721
722
721
721
720
724
724
724
725
729
727
727
730
730
727
726
727
725
721
722
721
716
711
712
708
703
700
700
695
693
694
694
688
688
690
686
684
683
683
678
674
676
672
665
664
665
663
658
660
659
655
655
657
654
652
654
656
652
650
653
652
647
648
652
648
645
648
649
644
644
647
644
642
644
645
642
640
643
642
637
637
639
637
634
638
639
636
636
639
637
632
633
632
628
623
626
625
622
622
623
623
622
630
637
642
655
672
686
699
717
734
745
756
769
777
780
785
793
791
789
791
789
784
780
781
777
775
777
781
780
778
782
781
777
777
780
778
772
775
772
767
765
766
761
756
756
754
749
742
741
737
728
723
721
715
708
707
703
698
698
700
700
698
701
704
699
696
699
698
694
695
700
699
698
703
703
700
702
708
706
706
709
710
705
701
699
696
690
690
690
687
685
687
688
686
688
691
690
688
691
693
691
685
686
682
675
672
669
664
660
661
661
661
662
666
667
665
669
673
672
670
675
674
668
667
667
664
659
660
660
656
658
662
662
658
661
663
661
659
663
663
661
664
668
666
664
665
665
659
657
657
653
648
648
648
646
644
648
651
652
660
673
682
691
711
728
741
756
772
784
792
807
817
825
829
837
839
836
835
836
832
825
825
824
818
816
818
819
817
818
820
818
817
821
820
818
816
819
815
807
806
801
793
786
784
776
766
763
759
752
745
745
742
735
733
736
734
732
736
739
738
738
741
742
741
743
745
744
741
744
742
735
732
732
727
721
720
718
714
711
712
710
708
709
711
708
707
709
710
705
704
707
703
698
699
698
693
691
693
694
690
694
697
694
694
695
694
691
692
694
692
689
693
693
691
689
690
688
684
685
687
685
685
688
687
684
685
688
688
685
687
688
685
684
687
687
683
682
682
679
675
677
676
671
670
671
667
664
667
668
667
668
675
676
677
685
694
702
710
725
740
752
767
783
793
802
815
826
830
834
841
843
842
844
845
841
837
839
840
836
835
837
835
830
830
829
822
819
818
815
810
809
811
806
803
806
803
798
796
794
787
777
774
770
763
758
758
754
749
746
745
741
737
740
738
734
731
731
726
720
719
717
712
709
711
709
704
704
705
700
696
696
692
687
681
681
678
673
672
671
664
658
657
652
645
644
646
643
642
644
644
638
637
639
637
633
635
637
634
633
635
633
632
635
642
644
641
648
646
639
635
636
634
630
632
632
630
630
635
635
633
634
636
631
628
631
631
627
628
632
630
627
628
628
624
621
623
621
616
616
617
613
609
612
612
610
610
616
620
624
636
647
658
671
689
703
714
729
745
755
763
774
781
782
783
788
785
781
784
785
783
779
781
781
775
774
775
770
767
770
769
765
766
768
765
761
760
761
758
755
757
754
744
743
741
733
723
721
718
711
707
708
705
701
700
702
698
695
698
698
694
697
700
699
697
702
703
699
697
700
697
693
695
696
692
688
690
687
681
678
678
675
671
671
669
665
664
666
665
661
664
667
667
667
672
674
671
671
672
669
665
665
665
662
661
665
664
661
663
664
658
657
659
659
657
658
662
662
657
660
660
657
657
659
659
656
660
660
658
657
658
658
653
651
656
656
656
664
671
678
688
705
717
725
742
756
765
776
788
796
799
802
808
809
808
812
816
816
816
820
820
815
814
816
813
809
811
811
808
806
805
801
795
795
791
785
782
784
780
777
776
777
770
762
761
757
750
747
746
740
734
735
735
729
726
727
725
722
724
726
724
725
728
730
727
727
729
728
725
728
728
724
723
723
721
714
712
711
705
701
703
703
698
698
699
698
694
695
696
693
692
696
696
694
693
695
691
687
691
688
684
683
683
681
676
676
675
670
667
669
667
664
665
666
664
663
668
669
668
669
673
671
670
672
673
669
667
667
665
660
658
659
652
649
650
651
648
651
656
657
658
663
669
672
678
690
702
711
726
741
754
765
780
792
800
811
822
828
830
836
839
836
834
836
834
831
829
831
828
825
827
827
823
821
823
821
817
818
817
813
810
810
807
801
801
799
794
788
787
781
773
766
762
754
745
743
739
733
729
731
728
723
725
725
723
721
724
726
725
725
728
727
723
726
725
722
719
720
717
712
712
712
708
702
702
699
693
690
690
689
685
688
689
687
687
690
687
681
682
681
677
674
676
675
670
668
669
668
664
667
670
669
670
674
675
671
670
670
665
660
661
659
654
652
654
651
646
646
645
641
640
644
645
644
646
649
649
646
648
649
646
646
649
646
644
645
645
641
637
639
637
633
634
635
633
631
634
636
638
646
660
673
684
702
719
732
745
762
773
780
790
801
803
807
812
814
812
812
816
814
812
815
816
815
812
815
813
807
807
806
801
796
797
795
792
788
791
785
780
780
779
775
772
774
769
762
758
755
747
738
737
734
728
724
725
720
713
712
713
707
704
708
710
709
710
714
712
709
710
710
706
705
707
704
699
698
695
690
684
684
681
675
675
677
674
670
673
674
671
670
673
670
664
662
660
656
653
654
653
650
648
651
649
646
651
651
649
650
653
650
646
646
645
640
637
640
641
638
638
641
637
633
634
633
631
630
634
633
633
636
638
638
635
639
639
635
637
639
637
634
636
635
630
627
629
625
622
623
623
623
619
622
621
616
616
618
616
613
619
626
631
641
655
669
679
694
708
719
732
748
761
770
781
794
799
800
803
805
801
801
803
803
798
800
799
794
788
790
790
787
789
792
791
789
791
789
785
782
784
783
777
776
775
767
758
754
747
736
733
732
728
724
726
725
723
723
725
724
719
721
721
716
713
716
714
711
710
712
710
707
707
707
702
700
701
697
694
696
698
695
691
694
694
688
687
687
683
678
680
679
673
669
673
674
674
678
678
672
666
668
669
670
672
678
675
671
668
662
657
655
660
664
666
672
678
674
670
671
669
664
664
669
669
667
669
669
664
662
663
661
660
663
667
665
663
665
662
657
654
656
653
650
653
653
650
651
656
656
661
670
683
693
705
723
738
748
761
776
785
794
805
814
819
822
830
831
831
831
832
827
823
822
818
811
806
805
802
797
801
806
805
807
811
808
802
799
796
790
788
792
790
785
779
778
773
766
765
766
763
761
763
760
754
752
751
746
744
746
746
744
744
749
747
746
748
747
746
742
744
741
737
739
743
743
742
745
746
742
740
740
736
732
732
730
724
719
721
717
709
709
710
706
703
704
703
696
696
696
692
687
689
691
689
689
692
692
690
690
692
689
687
690
689
687
684
687
683
680
681
683
680
681
687
689
687
689
690
687
684
683
682
678
677
679
680
680
684
685
683
682
686
687
687
689
691
691
688
692
691
687
685
686
682
678
684
690
697
708
726
741
754
769
786
798
808
820
832
835
840
844
843
839
838
836
831
827
828
827
825
824
828
826
825
831
833
834
839
845
845
844
846
847
843
838
836
831
822
815
810
803
802
808
808
803
798
797
794
788
789
790
787
786
788
784
779
777
777
772
768
770
769
762
759
761
756
756
757
761
760
761
764
763
761
758
758
756
749
748
746
739
735
735
729
724
723
724
722
719
724
725
725
729
734
735
735
738
738
735
733
735
731
726
725
725
720
715
717
715
711
710
710
707
703
704
703
697
695
695
690
684
683
685
682
681
686
687
686
689
693
692
690
693
692
685
680
676
670
659
652
646
641
637
641
644
647
654
665
674
685
703
720
734
749
767
780
787
797
803
804
804
808
807
801
802
802
800
796
798
798
796
796
801
802
801
805
811
809
806
809
807
801
798
800
796
791
790
789
783
781
781
776
769
768
766
759
752
751
744
737
731
729
724
719
720
721
716
716
719
719
714
716
718
716
714
717
717
716
715
718
714
710
711
709
705
702
704
701
697
697
696
692
687
687
685
680
679
680
678
673
674
673
669
667
669
667
664
666
668
665
664
666
666
662
661
664
663
659
660
661
657
658
660
660
656
659
660
658
654
656
653
649
647
648
643
639
639
641
638
637
641
641
640
644
652
655
661
674
686
694
708
724
736
746
759
770
776
780
788
791
791
796
800
799
799
803
803
798
797
800
797
795
800
802
802
801
804
802
797
797
798
791
786
787
781
774
769
766
757
747
743
738
731
725
726
722
717
718
718
715
711
711
709
705
706
708
705
703
705
705
702
700
704
703
700
702
704
699
696
697
695
689
685
685
679
673
674
671
665
662
664
664
661
663
666
663
662
665
665
660
661
663
659
654
655
655
652
650
652
652
647
648
651
648
646
648
648
643
642
643
639
633
634
632
629
628
632
633
632
633
636
635
631
634
636
633
632
635
633
628
628
625
620
616
616
613
608
608
611
606
605
611
614
618
626
639
651
663
680
697
711
723
739
749
754
763
771
773
774
779
781
778
775
776
773
768
771
773
770
769
773
773
769
769
770
769
764
766
766
762
761
764
761
755
755
749
741
736
733
728
720
717
715
709
706
705
702
696
695
697
694
691
693
694
691
689
692
692
688
689
690
688
687
687
688
686
685
688
686
682
683
685
681
677
679
677
672
670
671
667
664
665
662
658
657
657
654
652
653
652
648
646
648
645
641
640
644
640
639
643
646
643
644
649
647
646
650
651
648
643
644
641
635
636
635
634
631
634
634
631
629
631
628
624
624
625
620
618
619
618
613
614
616
615
612
616
616
614
613
614
613
607
606
605
600
595
594
590
584
580
583
582
586
601
613
630
649
668
683
694
709
720
727
732
739
742
740
743
745
744
738
738
736
728
724
720
705
691
685
678
673
671
676
681
683
687
693
692
690
690
687
678
670
661
643
623
610
597
585
574
575
573
572
576
581
578
573
573
572
567
565
569
565
564
568
571
570
565
559
548
536
528
525
518
514
518
519
517
519
523
523
520
519
519
516
510
511
509
503
504
505
504
501
502
500
492
486
484
480
475
474
474
470
468
475
479
482
487
495
497
494
495
492
483
474
466
453
436
426
418
409
403
405
408
410
418
428
434
439
450
459
463
472
483
487
488
492
496
496
496
501
500
496
498
500
499
496
498
499
497
499
506
510
514
524
537
545
555
571
583
591
604
618
627
636
646
652
654
655
660
658
654
652
652
647
641
641
637
630
627
627
623
621
623
623
618
615
616
613
611
611
614
611
608
612
611
606
601
597
589
578
574
568
559
555
553
548
540
539
537
533
531
535
536
535
538
543
542
542
544
546
545
547
552
552
550
554
556
553
552
556
556
552
553
556
554
552
553
553
547
545
546
544
541
543
545
543
542
546
549
549
552
557
557
555
559
560
560
561
566
566
564
567
569
568
569
573
576
574
575
579
577
575
580
582
581
583
588
589
586
588
588
585
581
583
579
574
572
571
570
564
567
571
569
572
581
587
593
606
622
632
644
663
674
685
696
708
714
719
725
731
731
730
735
734
730
729
729
725
722
725
725
721
720
721
718
714
714
715
711
711
713
713
709
710
711
706
699
696
691
682
677
675
668
660
658
654
648
644
645
644
639
642
643
641
638
642
643
639
642
645
644
644
650
653
651
651
653
651
645
645
644
638
635
636
634
631
630
632
630
627
629
629
628
626
631
629
625
625
625
622
619
619
618
613
613
616
615
614
617
619
616
616
620
621
620
623
627
626
626
631
633
631
631
633
629
624
627
626
622
621
622
620
615
617
620
619
619
628
634
640
651
664
673
684
701
716
725
735
750
757
761
769
776
777
779
785
785
782
782
784
781
777
780
781
776
775
777
777
771
772
772
768
767
767
766
763
761
763
761
757
757
756
751
746
746
741
733
731
727
721
713
711
708
703
702
704
701
698
703
704
701
700
704
703
701
701
704
701
699
703
703
699
697
698
695
691
692
690
685
681
683
679
675
674
675
673
669
671
671
668
668
670
669
665
667
668
664
660
664
662
657
656
657
652
648
648
647
641
639
639
636
632
633
634
632
632
637
636
635
636
641
639
639
642
642
639
639
640
638
635
635
635
633
630
633
630
627
631
638
642
647
661
675
683
699
716
728
736
749
761
768
774
782
786
787
791
795
791
787
788
786
780
777
777
774
766
765
764
758
757
760
760
758
762
766
764
762
763
759
753
747
744
738
728
726
721
713
707
701
699
690
687
688
683
681
683
684
682
681
686
684
683
685
687
683
682
684
682
678
678
679
675
670
673
673
669
668
673
671
669
671
672
667
665
667
665
661
662
663
659
657
658
658
655
654
659
656
655
659
660
658
657
660
660
655
654
656
653
651
653
655
653
653
655
654
652
656
659
659
662
666
666
659
656
657
656
659
666
665
655
645
641
639
639
647
651
651
649
651
643
638
635
640
645
653
668
680
688
697
708
717
722
737
753
763
773
784
789
788
789
791
788
786
790
790
787
785
787
783
778
779
780
777
776
779
777
774
774
776
773
768
770
768
763
759
757
751
745
742
739
733
724
722
718
710
705
703
699
694
697
695
693
692
696
693
691
690
692
690
690
694
695
693
695
698
695
692
693
693
689
687
687
685
680
681
680
675
671
673
674
667
670
673
673
669
671
669
666
664
666
665
663
666
668
665
663
666
664
662
662
667
666
663
666
668
664
665
667
664
661
662
664
662
661
664
663
660
658
659
655
649
647
644
638
634
637
636
634
638
641
641
640
646
651
655
665
679
687
698
713
728
738
749
765
775
781
790
797
797
797
801
802
798
797
798
797
792
794
795
792
789
791
788
784
784
786
780
779
781
783
778
778
779
776
771
772
771
766
764
765
763
759
759
759
756
753
756
756
754
755
757
755
753
753
750
745
741
743
741
737
737
737
732
729
729
726
722
720
723
720
718
719
720
716
713
713
711
706
706
707
703
701
703
703
699
700
702
701
699
703
705
704
703
707
704
700
699
699
696
692
694
690
687
686
689
684
682
684
685
683
683
688
687
686
688
691
686
681
683
681
676
674
675
673
671
675
675
672
673
676
679
679
686
696
703
711
726
740
749
762
779
790
799
811
822
825
829
835
833
830
830
831
828
825
826
823
819
817
818
814
810
810
810
806
805
806
803
797
797
795
792
787
788
786
779
775
774
768
760
758
755
749
744
742
737
730
728
726
720
717
717
715
710
709
711
709
704
705
705
702
700
702
700
697
697
698
695
692
694
694
690
689
689
685
679
679
677
674
670
671
669
664
664
665
662
658
662
661
657
654
656
653
649
651
651
648
648
651
651
647
647
649
646
643
644
643
640
639
640
637
635
636
638
634
633
634
632
630
631
632
629
628
631
629
627
628
632
635
639
650
661
670
681
700
711
720
733
746
754
761
771
777
779
782
786
785
782
782
780
775
771
771
767
763
761
762
756
753
755
755
752
753
754
752
749
749
748
744
739
740
735
728
725
723
717
711
708
705
698
697
699
696
692
695
697
694
692
693
689
687
687
690
689
688
693
693
687
687
688
685
684
686
687
685
683
687
682
676
673
674
669
666
667
669
667
666
668
664
660
661
661
657
657
660
658
654
652
652
647
644
646
649
646
647
651
649
646
649
650
649
648
653
654
650
650
650
643
639
640
639
636
636
639
639
637
642
648
652
658
672
683
694
710
726
737
747
761
770
775
782
790
793
792
797
799
797
794
796
794
788
787
788
786
781
783
784
780
779
779
776
773
773
772
767
764
765
762
756
755
755
747
740
738
733
726
722
721
715
709
711
709
704
701
702
699
696
697
700
696
694
696
696
693
693
693
690
686
688
689
684
681
683
680
675
674
676
673
670
671
671
667
665
669
667
662
664
664
659
656
658
656
653
652
653
650
648
650
649
645
646
648
649
647
650
653
648
644
645
641
634
629
633
628
624
625
626
622
622
627
629
630
639
648
657
664
680
690
698
710
726
733
740
753
762
767
774
782
782
782
784
785
783
781
782
779
774
771
771
768
763
763
762
758
758
762
760
757
759
760
756
753
754
750
744
740
737
729
719
717
710
702
696
697
693
689
690
692
689
688
690
689
686
685
687
684
682
683
683
678
675
677
673
670
672
673
670
668
670
668
664
665
664
661
657
659
659
656
654
656
653
649
650
650
647
644
647
646
643
641
642
639
635
637
637
634
633
635
634
630
632
632
629
627
628
627
623
622
624
622
619
623
623
621
621
624
626
622
624
626
624
623
624
623
619
620
621
618
615
617
617
614
615
615
612
607
607
607
605
603
606
607
608
612
622
629
637
653
668
681
697
716
731
741
756
765
771
775
781
784
783
785
786
781
777
776
775
769
766
768
765
762
762
763
760
758
761
761
755
755
758
755
751
752
750
745
740
740
735
728
726
724
718
712
712
709
704
703
704
702
698
701
701
696
694
696
693
690
690
693
693
689
693
692
688
688
691
688
684
687
687
683
678
680
676
671
670
672
670
667
669
667
664
664
664
662
659
661
660
658
654
656
654
650
652
652
650
649
653
649
647
646
647
645
641
644
644
640
639
640
639
636
637
639
635
633
635
634
629
629
631
628
625
628
630
626
625
628
628
625
628
629
628
627
629
629
627
627
628
626
621
622
621
618
615
618
616
612
614
613
612
610
617
619
622
631
644
656
669
687
704
717
731
748
759
765
776
785
790
792
797
799
795
795
795
789
784
786
784
781
780
783
781
777
775
773
769
765
768
768
765
764
766
762
757
754
752
745
741
741
735
729
726
724
716
709
708
706
703
702
706
704
702
703
703
699
697
698
697
693
695
697
694
691
692
690
686
684
685
683
679
681
682
678
676
676
675
669
670
672
667
667
669
670
666
664
663
658
653
654
654
651
650
651
650
648
648
649
645
642
644
645
641
640
642
638
634
636
635
631
629
633
631
630
633
636
634
631
633
632
627
625
628
626
623
625
625
620
616
618
615
612
614
616
616
616
621
621
617
615
615
613
609
609
610
607
604
605
597
597
601
604
608
622
635
648
665
683
698
710
727
742
751
761
772
778
780
783
786
783
782
783
781
776
774
774
771
765
764
762
756
752
752
751
749
749
750
746
744
745
743
739
738
737
732
725
723
719
712
704
702
697
690
686
687
684
680
683
683
680
679
681
680
675
677
677
674
673
676
676
673
674
675
674
673
676
675
672
669
673
670
665
665
664
660
658
660
658
655
655
657
654
651
652
651
646
644
645
643
639
640
643
639
637
639
639
635
637
639
637
633
636
634
629
628
629
626
623
623
624
622
621
624
624
621
622
624
623
619
621
622
617
617
618
617
613
614
615
612
612
615
614
611
612
615
611
606
607
606
601
598
598
596
594
595
598
596
600
607
614
623
636
652
665
679
697
715
725
738
751
759
764
772
778
779
780
784
783
780
778
778
772
765
766
764
760
756
757
752
747
743
741
737
733
735
735
732
732
735
731
725
725
722
715
710
710
706
701
698
696
691
687
688
687
684
684
687
686
684
686
686
682
680
682
677
673
676
677
677
675
680
678
673
673
672
670
668
671
674
670
667
667
662
653
654
653
650
649
655
655
651
650
649
644
640
641
641
640
641
644
644
639
637
636
631
629
632
633
632
634
638
636
632
631
631
627
626
630
631
629
633
633
629
626
628
627
624
625
629
629
626
627
626
621
618
620
617
614
616
618
618
617
622
625
628
636
649
660
669
686
702
713
725
743
753
759
771
780
783
785
789
792
787
785
787
782
777
776
773
769
767
768
768
764
765
767
762
758
760
756
751
751
752
749
746
747
743
737
732
733
728
723
725
725
721
715
715
710
704
700
703
702
701
704
706
704
702
705
702
700
702
704
703
703
706
707
703
700
699
693
690
689
689
686
685
688
686
681
682
682
678
674
676
677
673
674
675
672
668
666
663
658
655
657
657
652
655
656
652
648
651
651
648
648
651
650
648
651
654
651
649
653
652
650
650
654
650
648
651
649
645
643
645
640
637
637
638
636
633
637
636
631
632
634
632
630
634
635
635
638
647
655
665
679
695
707
721
739
753
761
772
784
787
792
799
801
800
801
804
800
797
798
800
798
796
797
796
793
791
793
789
785
785
782
778
776
777
776
774
775
775
773
770
769
765
758
755
754
748
741
741
739
734
731
731
727
724
725
725
723
720
721
721
717
716
716
714
712
716
715
714
714
717
716
712
714
714
710
708
708
706
701
701
702
698
693
696
695
690
689
690
689
686
687
688
683
683
687
685
681
679
680
678
674
675
675
670
670
672
671
668
672
675
674
674
679
677
674
675
676
672
669
671
672
668
667
669
667
663
665
664
661
659
662
662
658
659
661
659
657
659
658
658
662
672
679
687
701
716
727
740
757
770
779
792
806
813
819
828
831
829
830
832
830
827
827
827
822
819
821
819
815
815
818
816
813
815
814
809
807
807
803
797
798
798
794
787
791
787
780
775
773
767
762
762
760
757
756
758
754
750
750
751
745
744
748
749
747
747
748
746
743
744
743
738
737
741
740
738
741
743
743
739
741
738
733
732
733
731
727
729
728
723
719
719
716
712
713
715
713
711
713
712
708
706
706
704
701
703
705
703
703
706
704
699
701
701
698
696
696
695
690
689
690
687
685
688
688
685
685
689
687
682
685
686
685
684
688
687
685
684
685
682
675
677
676
671
670
671
668
665
667
672
675
680
692
702
711
724
739
752
763
778
792
802
812
821
826
827
832
835
835
835
837
837
834
830
832
825
822
823
822
817
815
818
816
810
812
810
807
804
807
806
801
801
800
795
788
787
784
776
772
772
767
762
758
755
748
743
743
742
736
735
738
736
732
734
736
733
731
734
734
732
730
733
732
729
731
727
723
721
722
719
715
715
714
711
709
711
710
706
706
707
703
700
702
701
697
695
698
692
688
688
688
684
683
687
687
685
686
687
684
681
684
684
682
682
687
686
681
684
683
677
673
674
674
670
671
674
671
668
668
666
663
661
664
664
662
668
670
668
666
667
665
659
658
658
653
649
651
648
644
643
645
643
641
646
654
660
668
686
698
707
721
738
746
754
769
780
786
795
803
807
807
811
812
808
808
811
810
806
807
807
804
799
799
796
791
790
793
791
789
791
792
786
784
784
783
777
778
778
774
769
767
761
753
747
745
739
733
732
731
727
725
725
722
716
714
715
712
709
714
713
712
712
713
712
710
711
714
712
710
712
711
705
704
703
696
693
693
691
689
687
689
687
682
682
682
679
676
677
676
673
672
675
669
668
669
667
663
662
664
662
660
661
662
659
658
660
658
655
655
656
655
652
655
657
654
652
655
653
649
651
652
648
647
650
649
647
648
649
648
646
649
649
648
647
649
648
642
642
640
636
634
634
634
630
630
635
636
636
644
653
659
671
687
699
712
728
743
755
764
779
786
791
797
806
807
808
813
812
810
809
811
809
805
806
807
804
801
803
801
795
794
794
790
785
788
788
786
786
787
786
780
781
779
772
764
761
756
747
740
735
728
724
722
722
719
718
721
721
717
716
717
712
708
709
708
704
704
706
706
704
706
707
705
705
707
705
699
700
698
692
690
689
687
683
680
681
679
676
678
678
676
676
680
678
674
675
675
672
671
673
673
670
669
671
666
662
663
664
661
661
664
664
660
662
663
659
658
661
658
657
657
659
658
654
655
653
647
645
648
646
645
647
650
648
647
650
651
647
647
650
649
646
650
650
645
644
647
643
639
640
641
637
634
636
636
632
630
632
629
625
628
631
633
639
652
665
677
695
715
728
740
758
769
779
787
798
801
802
807
809
805
802
805
803
796
796
798
795
794
797
798
796
795
798
795
791
793
794
790
788
790
788
784
785
785
779
773
772
767
760
754
752
744
735
732
727
720
714
716
714
709
712
713
714
712
716
716
712
713
714
712
707
707
709
704
701
704
701
697
696
698
694
692
694
693
690
689
692
690
684
686
687
683
680
682
680
675
676
677
673
669
670
669
663
662
664
661
656
658
658
656
654
656
656
651
652
654
652
650
653
653
648
647
647
643
637
637
637
633
632
636
636
634
636
639
636
634
636
635
631
630
633
632
626
628
627
623
621
623
625
622
623
626
624
620
622
623
618
618
621
619
617
618
618
614
613
615
614
613
619
629
637
647
665
683
693
709
726
740
751
764
774
779
782
789
791
789
790
792
790
787
790
789
788
786
789
787
783
782
783
780
777
779
776
769
769
771
770
767
768
768
764
762
762
756
749
746
743
734
728
727
722
717
715
715
712
707
708
709
706
704
707
705
700
701
700
696
694
698
698
694
696
700
698
696
700
699
695
693
694
691
685
685
687
682
679
680
677
673
672
672
669
665
667
665
662
661
663
661
656
657
657
653
651
653
653
651
652
655
653
651
653
654
651
650
652
651
647
648
649
645
642
646
644
641
642
644
640
637
636
636
633
631
634
633
632
635
637
636
634
638
639
635
635
637
636
634
636
635
631
629
630
626
622
620
623
620
619
622
621
616
616
618
618
618
627
636
646
660
678
692
703
717
730
740
748
764
776
782
792
802
807
809
814
814
812
811
811
809
804
803
802
797
792
793
791
785
785
788
785
783
785
786
785
786
791
791
790
792
793
789
781
779
776
768
763
760
754
747
746
742
735
732
733
733
730
735
742
741
742
747
749
748
747
749
745
742
742
742
739
735
737
736
731
730
731
726
721
722
720
715
712
714
711
709
708
709
705
704
707
706
701
701
701
697
693
695
692
688
689
690
688
686
688
689
686
684
688
687
682
684
685
683
681
683
681
677
676
677
675
671
673
673
670
666
670
667
662
662
663
660
657
660
659
657
658
660
657
653
653
652
647
645
645
643
640
640
642
640
638
641
643
644
650
663
671
682
698
714
726
738
754
765
772
781
792
796
799
808
813
811
812
813
810
803
802
799
794
788
789
788
782
780
782
778
774
777
779
778
780
784
784
777
776
773
765
760
761
757
752
748
750
742
735
732
728
721
721
725
723
720
723
722
717
710
709
706
699
698
699
696
693
696
695
690
690
692
690
688
689
691
689
687
689
687
682
679
679
676
672
675
673
668
666
668
665
661
661
662
659
657
661
662
661
663
667
663
660
661
661
655
653
653
650
647
647
649
647
646
648
647
642
644
643
643
639
642
643
641
640
642
638
635
634
634
631
627
629
627
623
622
620
618
614
614
613
609
606
609
605
603
606
614
621
631
646
661
673
687
704
717
727
741
753
760
767
776
777
775
774
775
770
767
768
766
763
761
763
760
753
755
752
747
744
746
745
742
740
742
739
733
733
729
722
720
719
714
707
705
701
693
688
686
680
673
670
668
662
656
661
662
660
664
672
674
677
684
689
687
687
690
688
686
687
688
685
680
679
674
666
660
660
657
651
651
652
650
647
648
647
642
642
642
639
634
637
636
634
636
640
638
637
636
635
632
630
633
634
631
633
636
633
630
631
628
624
623
626
625
621
622
623
617
610
611
606
599
597
597
596
594
601
603
607
616
624
632
648
665
680
694
713
726
736
745
756
760
763
769
773
772
775
779
777
771
771
771
766
763
765
767
764
766
771
769
766
767
766
763
760
762
760
755
756
756
749
744
743
737
731
728
728
722
717
718
716
712
709
712
709
705
706
708
704
700
702
700
696
695
696
695
693
695
695
693
694
696
694
692
693
694
688
688
689
685
679
677
676
670
666
667
667
663
658
658
655
651
650
651
650
648
651
651
646
645
646
642
638
639
639
637
636
638
638
636
636
638
636
635
639
640
637
639
641
640
637
637
636
630
627
629
626
622
620
621
617
614
616
616
613
615
621
623
625
632
642
648
660
678
692
704
719
734
743
751
761
771
774
781
788
791
790
793
795
791
788
790
787
781
780
782
777
775
776
774
772
775
776
776
773
776
777
775
774
777
774
767
766
764
760
755
754
753
748
746
748
744
739
740
741
740
740
744
744
741
743
745
742
740
744
746
747
746
748
744
740
739
736
733
728
731
729
724
724
726
723
720
721
720
717
716
718
714
710
709
708
703
699
699
698
693
694
695
690
688
690
689
684
682
684
681
677
678
680
676
674
677
676
674
676
679
675
673
675
676
671
673
676
675
673
674
675
674
673
677
676
674
676
679
677
673
673
672
667
666
668
666
661
665
671
676
681
696
709
723
743
763
777
793
812
825
834
842
851
854
852
853
855
851
847
846
844
838
834
834
828
825
827
829
830
833
838
836
831
829
827
820
816
817
815
808
805
803
797
790
787
783
776
773
771
768
759
754
748
740
731
727
721
714
712
712
709
707
708
709
706
703
708
707
705
707
708
710
709
713
714
710
711
714
713
710
710
709
705
701
701
696
691
689
690
686
681
684
683
678
676
678
678
675
678
679
677
674
675
672
668
668
669
666
663
663
661
653
649
650
647
645
650
653
654
658
661
660
654
654
655
653
650
654
653
649
646
646
638
632
631
630
627
630
633
635
633
633
633
629
625
627
627
624
626
631
632
633
641
651
659
671
690
707
721
740
759
771
778
787
793
794
797
802
801
796
794
787
778
768
764
754
744
736
730
722
712
711
707
700
697
697
692
687
687
687
683
680
681
677
671
666
664
656
649
648
644
638
635
638
634
630
631
631
630
629
633
633
630
628
630
628
623
627
628
627
630
639
642
642
646
649
647
646
649
648
645
647
649
646
642
646
647
643
644
648
651
651
656
659
658
655
660
658
654
653
654
650
647
646
647
644
643
647
647
644
648
652
651
649
654
656
653
655
659
659
655
659
662
659
660
662
660
656
658
656
653
649
652
652
648
649
652
651
649
651
651
648
646
648
646
642
642
641
638
636
639
640
642
647
658
666
674
691
709
720
735
752
764
773
784
794
797
800
807
810
809
806
806
802
796
795
791
783
778
776
773
767
766
768
766
764
767
768
765
765
769
765
759
757
755
748
741
740
735
727
724
722
714
707
706
700
694
693
693
691
688
689
690
687
686
689
688
686
686
687
685
681
682
680
676
676
677
676
673
674
674
671
668
669
667
664
664
666
664
660
662
660
654
652
652
648
643
643
644
640
639
642
640
637
640
644
644
643
646
649
645
644
645
642
638
636
635
633
629
631
631
627
629
631
630
627
632
632
627
624
624
620
615
615
616
614
615
624
632
640
656
674
689
705
723
738
747
756
767
771
773
778
780
777
775
777
777
773
771
772
769
764
765
765
759
757
758
755
750
751
751
746
744
746
744
740
739
738
733
729
728
725
718
713
714
708
702
701
698
695
690
692
690
686
685
688
685
683
684
686
684
684
688
687
685
685
686
682
678
679
678
675
673
674
670
666
668
667
663
661
664
663
659
659
659
656
652
654
655
651
652
655
653
650
650
650
646
643
646
646
642
643
646
643
641
641
641
636
637
640
638
637
638
641
639
638
641
638
635
637
639
636
637
639
637
634
633
635
629
627
626
626
623
619
621
620
617
621
629
634
643
660
676
690
707
728
742
753
767
779
784
787
794
795
794
794
793
790
786
787
785
783
782
785
784
781
783
782
778
775
776
772
768
768
768
765
760
762
761
757
755
756
751
745
743
740
733
728
725
720
714
713
713
710
707
708
708
705
705
710
707
703
704
706
705
705
710
708
706
705
705
701
697
700
698
694
693
691
687
681
681
679
676
674
677
676
674
674
677
673
669
672
671
667
666
668
666
661
662
663
657
655
657
656
654
657
660
660
657
659
660
656
654
656
652
647
649
649
646
644
647
647
644
647
650
651
650
654
655
653
652
653
651
645
642
642
636
631
632
630
626
627
630
630
633
642
652
661
675
695
711
726
743
759
769
778
790
799
805
811
817
818
816
819
819
814
811
810
807
801
802
802
797
795
796
795
790
790
794
791
789
789
791
785
781
782
776
770
769
768
761
756
756
751
743
738
736
729
721
721
721
718
715
719
719
715
716
716
714
712
715
713
709
706
707
705
700
701
703
701
699
702
700
696
695
697
692
687
689
687
684
681
682
678
673
673
674
668
667
670
669
664
665
666
663
662
664
663
659
659
661
658
653
654
654
652
652
656
654
652
653
653
652
648
651
651
647
646
650
646
644
646
647
646
648
654
658
658
662
667
668
664
667
665
659
655
655
651
648
648
648
643
640
640
640
637
642
647
649
650
659
668
676
689
706
720
733
751
766
777
786
799
807
811
815
822
823
820
823
822
819
817
815
809
803
800
800
797
794
795
793
790
789
789
785
780
784
783
780
777
776
773
765
762
756
747
740
740
735
729
726
727
722
716
717
717
714
712
716
717
713
714
715
712
708
710
708
705
705
707
705
703
703
704
700
697
698
694
689
690
691
685
682
683
683
678
675
679
675
671
674
677
674
675
678
678
674
674
677
676
676
680
680
676
676
677
673
667
667
665
660
658
658
655
650
648
649
646
644
646
646
645
645
648
647
644
649
648
645
642
644
641
638
639
641
639
636
639
638
634
633
635
633
629
631
630
625
622
623
619
613
615
620
621
625
638
651
663
677
696
712
724
743
759
768
779
789
794
796
800
803
799
800
801
801
796
792
792
788
782
784
782
781
779
782
783
779
781
782
779
776
779
780
774
771
772
767
761
759
756
751
744
744
740
735
734
734
731
729
729
728
726
724
726
725
721
723
724
721
720
722
719
714
714
717
713
711
714
714
709
709
709
705
699
698
696
689
687
687
682
678
676
674
669
662
662
660
655
654
657
655
651
651
649
644
641
643
642
640
642
645
645
641
645
646
642
644
646
645
642
646
646
640
637
638
636
632
632
634
632
631
635
634
630
627
629
627
623
625
627
628
625
630
632
631
637
648
656
666
683
700
711
724
739
752
758
769
779
783
791
799
803
804
805
808
805
800
799
795
789
786
787
783
777
777
775
769
765
766
762
758
759
761
759
756
757
756
749
745
746
740
734
733
730
722
715
712
708
698
694
691
685
681
681
682
682
685
690
690
689
693
698
696
696
699
699
694
692
690
684
678
676
675
670
670
672
671
666
667
667
662
659
661
662
660
662
665
663
660
661
662
658
656
658
653
650
649
649
643
636
639
639
634
637
642
644
643
648
649
646
642
644
641
635
634
635
632
630
633
634
630
629
630
628
624
625
625
624
625
628
626
621
622
623
622
624
636
646
658
671
686
699
709
725
736
748
761
775
785
790
796
800
796
795
796
795
793
793
795
793
789
789
789
784
781
784
783
782
782
785
783
780
782
778
774
773
773
769
766
768
765
760
756
754
749
738
736
735
729
727
727
724
722
721
721
718
714
715
715
711
709
711
708
704
704
705
704
701
705
705
705
705
709
707
704
705
705
700
696
696
695
689
690
691
688
686
688
686
683
683
685
683
685
687
689
686
685
686
683
680
681
682
680
678
679
677
672
671
672
669
666
667
669
668
668
671
670
667
666
668
666
666
671
671
670
671
672
667
659
656
654
651
649
652
652
648
647
651
649
649
655
661
667
675
689
702
711
725
741
749
760
774
784
791
801
810
811
812
815
815
810
810
814
812
812
816
813
806
796
796
796
796
800
804
800
795
796
796
791
791
794
794
787
790
787
779
774
771
766
760
754
750
744
737
735
732
726
724
726
724
720
721
722
718
715
717
716
714
715
720
718
717
721
720
716
715
715
711
706
706
706
702
699
698
693
689
686
686
685
683
687
689
686
685
686
683
678
678
678
675
673
676
674
667
664
663
658
654
657
658
656
656
659
658
654
653
655
652
651
655
657
654
656
656
650
645
645
645
641
642
644
645
641
641
642
636
631
631
630
624
624
628
627
624
625
625
620
621
625
625
626
635
645
653
663
678
690
699
712
726
737
745
758
769
774
779
785
785
785
786
789
788
787
791
791
786
785
786
783
778
781
781
778
776
780
778
774
775
774
770
767
767
765
759
755
756
749
743
740
735
727
721
719
714
708
709
709
706
704
706
706
702
702
704
701
697
699
700
695
694
696
695
690
691
694
693
692
695
695
690
688
687
684
676
677
675
671
670
672
669
664
664
662
658
654
657
657
654
654
656
653
647
648
645
639
639
641
640
636
639
641
637
634
637
637
633
634
638
637
633
635
635
630
629
630
627
624
625
628
626
623
625
624
618
617
619
616
614
616
618
614
613
617
615
612
614
620
624
631
645
658
667
681
697
707
715
728
740
748
757
768
773
775
778
780
776
776
776
778
773
773
773
769
763
762
758
751
748
751
752
750
754
756
756
752
754
751
746
745
744
740
735
732
727
717
708
705
697
693
690
692
692
690
695
696
694
695
699
699
699
704
707
707
709
712
710
704
704
701
696
692
692
691
686
684
685
681
678
679
681
681
682
692
694
693
698
702
700
697
698
698
692
689
691
689
683
683
681
675
671
674
673
672
675
681
681
680
684
683
680
680
682
679
677
681
682
678
676
678
674
670
668
669
665
663
667
668
666
668
671
667
663
664
664
661
657
659
658
653
654
658
660
665
679
689
697
711
727
739
749
763
776
785
795
805
811
814
820
825
825
824
826
826
821
817
817
812
805
807
807
803
799
800
798
792
791
791
789
787
790
791
784
782
781
776
771
767
764
754
747
744
737
727
723
719
714
708
710
711
707
705
709
707
703
704
702
699
696
699
696
691
687
685
678
670
668
664
659
657
658
654
648
648
647
642
640
640
637
630
629
628
622
616
617
613
608
607
608
605
603
598
594
597
593
589
589
589
586
582
584
585
581
580
583
580
577
578
579
577
576
580
581
580
582
582
581
576
578
578
573
572
574
572
569
570
570
566
560
561
560
557
559
564
566
564
569
569
567
570
575
578
585
595
608
618
629
645
657
666
679
693
701
708
719
727
728
731
737
736
734
735
734
732
730
735
736
734
736
737
737
737
741
742
741
742
746
746
743
745
742
736
729
728
723
715
712
710
703
697
694
691
681
676
674
669
664
666
667
662
659
660
659
654
655
661
660
660
664
666
663
664
665
660
656
658
659
654
653
654
651
645
643
643
639
635
638
636
633
634
636
634
629
629
627
624
620
621
621
617
617
619
616
612
616
617
614
616
620
620
618
620
621
617
614
616
615
612
612
615
614
613
616
617
615
615
617
616
614
616
618
615
614
616
614
611
611
615
612
611
616
618
618
622
631
637
643
655
669
678
690
705
716
724
733
742
747
750
756
759
758
759
763
763
757
759
761
757
754
755
755
754
757
760
759
757
761
760
756
755
758
758
754
757
758
752
745
743
737
729
724
720
713
706
707
705
699
697
701
700
699
703
708
707
705
710
709
705
706
705
702
698
701
700
696
696
700
697
692
691
690
686
681
684
682
680
680
682
679
675
676
674
670
669
670
669
665
664
665
660
657
659
659
655
658
660
660
659
662
662
660
659
662
662
660
662
665
663
662
664
663
658
658
658
655
652
652
651
646
643
643
638
633
634
633
631
630
634
635
635
640
648
653
661
674
687
697
709
726
736
743
751
758
757
758
763
764
759
758
761
758
753
755
752
749
748
751
750
748
750
752
749
744
747
744
739
736
737
733
726
727
724
717
709
706
699
688
684
680
672
664
662
656
647
641
640
636
632
636
636
636
638
642
643
641
646
647
645
644
646
644
639
639
640
636
630
630
628
625
624
627
627
624
627
628
625
620
623
621
617
617
619
617
615
617
617
615
614
618
618
616
619
623
622
622
626
625
623
623
624
623
618
617
619
616
615
617
614
607
608
608
597
598
597
594
593
596
593
591
594
597
598
638
741
860
963
1003
1002
1001
1001
1003
931
843
773
727
694
674
676
682
689
697
711
717
721
729
738
742
757
790
815
829
839
844
839
825
810
794
777
771
782
793
807
839
884
922
950
976
987
985
987
988
977
964
961
954
933
909
892
872
849
838
828
815
808
816
826
833
844
857
852
848
837
816
794
778
753
725
707
694
674
650
636
629
613
601
598
590
580
581
580
576
574
582
585
585
582
583
580
572
568
564
560
566
586
603
620
643
688
764
823
844
831
807
796
789
787
793
808
816
820
828
828
818
802
792
781
764
750
744
746
753
774
805
836
871
916
959
999
1001
1001
1002
1001
1001
1001
1000
999
1000
1000
1000
1000
999
1000
1000
1000
1001
1000
1000
1000
1001
1001
999
1002
1001
1000
1001
1001
1003
1001
1001
1001
1001
1001
1002
1002
1003
1002
1001
1002
1001
1002
1001
1001
1000
1001
1002
1002
1001
1000
1001
1000
1002
1001
1001
1001
1002
1003
1002
1001
1000
1001
1001
1001
1001
1000
1002
1002
1002
1002
999
1000
1001
982
905
826
757
690
617
545
487
423
358
306
262
213
171
159
156
156
153
152
151
150
149
151
150
149
150
150
150
150
151
151
152
155
159
204
275
360
444
530
632
734
824
909
1001
1003
1001
1001
1002
999
1000
1000
1001
1000
1000
1001
1000
1000
999
999
996
998
999
996
998
997
996
997
997
995
997
997
996
995
996
998
996
996
997
998
997
997
997
998
998
996
997
997
996
997
996
998
997
997
997
995
996
997
997
998
996
997
996
997
998
997
997
999
997
997
997
997
996
998
996
997
997
998
998
999
998
998
997
997
997
996
996
999
997
998
999
997
996
998
997
997
998
997
997
998
996
995
997
998
997
997
997
999
998
1000
998
1000
998
1001
1001
1002
1001
1000
1002
1000
999
1000
1001
831
583
392
263
162
154
151
149
148
148
148
147
148
147
148
147
148
150
147
147
148
146
148
147
147
147
147
148
148
147
147
148
147
148
147
147
147
149
148
147
148
147
147
147
147
148
147
147
148
148
148
147
147
147
148
148
150
150
150
152
152
155
157
156
154
152
150
149
148
146
148
148
147
147
147
148
148
148
148
148
148
148
148
148
147
148
148
148
147
147
148
147
147
147
148
148
147
148
149
147
147
147
148
148
148
148
148
149
148
147
147
148
148
148
147
147
147
148
147
147
147
147
147
148
148
147
147
147
148
147
148
147
148
147
147
148
148
147
148
148
147
148
148
148
148
147
148
148
148
149
147
147
147
147
148
145
147
147
147
148
148
147
147
147
147
148
147
147
148
147
147
147
147
147
148
148
148
147
148
147
147
148
148
148
147
147
148
148
149
148
148
148
147
147
148
147
147
147
147
147
148
147
148
147
147
147
146
147
147
147
147
147
147
147
149
147
148
148
148
147
148
148
148
148
147
148
147
147
148
147
147
148
147
148
148
148
147
147
147
149
149
147
147
147
147
148
147
148
147
148
147
147
146
148
147
147
147
148
147
147
148
148
147
147
147
148
147
148
148
147
148
148
148
149
147
147
148
148
148
147
147
148
147
147
147
148
150
148
147
147
147
147
144
148
147
147
148
148
147
148
147
148
147
148
147
148
148
147
147
148
147
148
147
148
148
148
147
147
147
148
148
148
149
147
148
147
148
148
147
148
147
148
147
148
147
148
148
148
145
147
148
147
148
146
147
148
148
147
148
148
148
149
147
148
147
148
147
148
147
148
148
148
147
147
147
147
147
147
147
147
148
147
147
148
148
147
149
148
148
148
147
147
149
145
147
147
148
148
147
147
148
148
147
147
148
147
147
148
148
147
148
147
148
147
147
147
147
148
147
149
147
147
147
147
147
148
147
147
148
148
147
147
148
149
147
147
147
147
147
146
148
147
148
148
148
146
147
147
147
147
148
148
147
148
149
147
148
147
148
148
147
147
147
147
147
147
146
148
148
147
147
147
147
148
147
148
148
148
148
147
147
148
148
148
147
147
147
147
147
147
146
147
148
148
147
147
147
148
148
147
148
147
148
147
147
149
148
148
148
147
148
147
147
147
148
148
147
148
148
147
148
147
147
150
149
147
148
147
148
149
149
147
148
148
147
147
148
147
148
148
149
148
149
149
150
148
149
149
149
148
149
150
149
149
150
149
148
150
150
149
149
149
150
150
149
149
150
151
151
150
150
147
150
150
149
150
148
151
150
150
152
151
149
150
152
150
151
150
150
152
152
151
151
152
152
151
152
153
152
153
153
154
153
153
154
154
153
155
155
154
155
155
156
156
155
158
156
156
157
158
158
158
158
159
159
160
164
162
162
169
175
168
174
186
184
180
191
200
194
198
212
213
209
217
226
221
220
234
240
234
240
255
254
248
260
266
258
258
272
272
265
276
285
279
278
290
295
284
290
304
301
294
307
313
306
308
324
323
317
327
337
331
328
342
345
337
343
357
355
348
362
368
361
362
377
377
369
378
388
383
380
394
396
388
393
406
404
396
410
417
409
411
426
425
416
427
437
432
426
442
446
435
439
453
449
441
454
461
452
452
467
466
458
464
473
468
464
476
481
472
476
489
486
479
491
498
490
489
501
502
495
504
515
508
506
518
521
513
513
528
524
517
528
536
526
525
539
540
531
540
551
544
540
554
557
547
549
562
557
549
559
564
555
553
566
566
555
563
572
565
559
573
576
567
570
581
577
570
581
585
576
575
588
587
577
584
594
587
584
596
598
589
591
603
600
592
608
601
598
611
610
610
622
616
610
623
626
617
619
630
628
618
628
636
627
624
639
639
628
635
646
640
633
645
647
638
640
652
648
639
649
655
646
644
657
657
647
653
663
657
650
664
666
656
656
668
664
654
665
670
661
659
671
671
662
666
677
670
664
674
677
669
669
680
676
668
676
683
674
670
683
684
674
678
687
683
676
687
690
679
680
693
691
680
691
697
689
686
699
698
688
692
702
698
691
703
705
696
696
708
706
697
707
715
707
704
717
717
707
712
722
716
708
720
722
714
715
726
723
713
722
729
721
717
730
729
719
723
733
728
719
731
735
726
726
736
734
724
733
740
733
728
740
741
731
732
742
743
742
750
752
747
747
755
752
742
746
751
744
738
751
749
741
742
746
742
740
743
742
734
733
739
735
731
734
738
734
730
739
736
730
731
735
730
725
731
733
726
725
731
729
722
726
729
724
720
726
725
720
721
726
723
718
723
725
716
717
723
721
716
720
724
718
715
722
720
715
717
722
717
713
718
720
715
716
724
721
715
719
722
718
715
723
721
717
722
736
733
729
739
746
739
739
750
750
740
748
756
749
745
756
756
748
751
763
757
749
760
765
755
754
766
764
753
763
769
762
756
768
770
760
764
775
768
761
772
775
766
765
777
775
766
771
780
772
767
780
781
771
773
784
778
772
781
785
776
773
786
785
775
781
787
780
777
789
790
781
781
792
788
780
790
796
787
785
796
795
787
792
802
795
789
802
803
793
794
805
802
793
803
809
799
796
809
806
798
803
812
805
799
810
812
800
803
815
810
801
810
815
807
803
816
814
805
810
817
811
805
818
818
810
810
822
817
808
817
822
814
811
824
821
812
816
825
819
813
823
825
814
817
828
823
814
824
827
820
817
828
826
816
822
831
825
816
828
830
821
822
831
828
819
827
832
824
821
833
831
822
827
836
828
820
833
835
825
825
836
831
822
831
836
829
823
836
835
825
830
840
834
828
840
844
835
835
847
843
832
842
850
839
836
848
847
836
841
851
844
836
848
851
840
841
854
849
839
848
852
844
840
854
853
840
846
856
848
840
852
857
846
844
853
842
851
848
844
856
856
846
851
861
853
844
855
859
848
848
860
856
846
854
861
853
848
861
861
849
854
864
848
861
863
854
852
866
860
850
859
866
856
853
866
865
854
859
867
861
853
865
867
856
855
868
864
854
863
870
860
855
867
868
856
859
870
863
854
867
870
861
871
867
865
872
863
870
871
861
863
875
867
859
870
875
864
863
876
874
862
870
877
868
862
876
878
866
868
879
873
864
875
882
869
866
881
877
866
875
882
874
868
881
881
870
872
883
877
868
879
883
873
871
885
881
870
877
884
877
869
884
884
874
875
887
880
869
881
886
876
873
887
883
871
878
888
878
871
885
884
874
877
888
882
872
883
887
878
874
887
885
873
881
890
880
872
886
886
875
877
889
883
872
883
889
879
877
889
885
876
880
889
882
874
887
888
877
878
890
885
875
886
891
880
875
890
888
877
883
892
884
877
890
891
880
882
893
888
877
888
894
884
879
894
890
878
886
895
886
877
891
895
882
883
896
890
879
890
894
887
880
894
892
881
886
896
890
880
893
895
884
884
897
892
881
892
898
887
883
898
895
883
888
898
892
882
896
897
886
886
900
894
883
893
900
890
884
898
896
884
890
900
893
885
897
899
887
887
901
897
883
894
901
890
885
900
898
886
891
903
894
885
897
900
889
888
901
898
886
895
902
893
887
902
900
887
893
904
895
886
898
901
890
890
901
898
887
896
903
894
888
901
900
888
891
902
896
887
898
903
891
890
903
899
888
896
904
895
889
905
903
891
894
904
899
889
901
905
895
891
905
901
890
898
905
896
890
903
904
893
896
907
900
890
901
905
896
894
907
903
891
900
908
897
891
905
905
894
896
907
903
892
902
907
896
893
909
905
893
903
910
901
894
909
906
895
898
909
903
893
904
909
899
895
911
905
894
901
911
901
895
908
909
896
897
910
904
893
904
909
899
896
910
907
895
902
911
903
896
909
909
897
900
913
905
895
906
911
900
898
911
908
897
902
912
903
896
910
911
901
899
912
906
895
908
912
902
898
913
909
897
904
914
906
897
910
911
899
900
914
907
897
909
913
902
898
913
910
899
904
914
906
897
911
911
900
901
913
907
897
907
914
904
899
912
911
898
905
915
907
897
910
912
901
900
914
909
899
907
913
905
899
912
910
898
903
914
908
897
910
914
901
902
916
910
898
908
915
904
900
914
912
899
904
914
908
900
912
914
902
901
915
911
901
909
915
906
901
915
913
901
904
916
907
899
911
916
904
902
916
911
899
908
917
907
899
913
913
902
905
916
910
899
912
915
905
903
915
911
901
909
916
906
900
914
913
902
904
916
908
899
912
915
904
902
916
912
900
908
915
908
900
913
915
902
905
916
908
899
911
915
905
903
917
912
901
908
917
907
901
914
914
901
905
917
910
900
910
915
905
902
915
914
901
908
917
908
900
913
914
902
905
918
911
900
911
915
904
902
916
912
902
909
917
908
899
913
915
901
905
917
910
900
911
917
906
903
917
912
901
907
917
909
901
914
915
904
904
916
910
900
912
916
907
901
917
913
900
907
917
909
900
915
916
904
904
916
910
900
910
916
905
900
916
913
902
906
916
910
900
913
917
905
903
918
911
900
911
917
908
902
917
913
902
907
918
911
902
914
916
905
903
917
912
901
910
916
907
902
916
915
902
908
916
910
902
914
916
906
903
918
914
900
911
918
908
902
918
915
903
908
919
912
903
915
917
906
905
918
914
903
911
918
909
904
917
917
904
908
920
913
902
914
918
906
906
918
916
904
912
919
911
905
918
917
906
907
920
913
903
916
920
909
907
921
916
904
914
920
913
905
917
918
907
909
921
913
904
916
919
911
906
920
917
906
912
920
912
904
915
917
904
905
916
911
900
909
914
905
901
914
909
899
906
912
905
897
909
910
900
902
911
907
897
906
909
902
898
909
906
898
902
913
906
899
913
913
904
904
917
911
902
912
916
906
902
916
914
903
908
915
908
902
912
915
907
907
918
911
900
906
911
902
896
908
906
895
898
907
899
892
902
902
894
892
901
899
887
895
900
891
889
899
897
886
890
899
891
884
894
896
887
885
896
891
881
888
894
886
881
894
897
891
896
904
897
887
890
887
878
875
882
878
869
871
875
871
869
872
871
865
866
869
865
860
864
863
855
860
857
850
851
854
848
845
848
846
840
841
843
839
835
837
838
834
831
834
831
826
828
830
825
822
824
824
819
820
822
819
815
818
819
814
811
816
814
810
811
814
810
806
811
809
804
805
807
803
798
802
802
798
797
800
797
793
795
797
793
791
795
793
788
789
793
789
785
789
790
786
784
789
788
783
784
787
783
779
786
784
779
778
782
780
776
779
779
774
773
777
775
769
773
775
771
768
772
772
766
767
769
766
763
767
766
763
762
766
764
760
762
766
761
759
763
764
758
759
762
760
756
758
760
757
754
759
759
753
755
757
755
750
754
754
750
750
753
751
748
749
750
747
745
748
749
742
745
747
743
739
746
745
740
741
744
743
739
740
744
740
737
742
741
738
739
741
739
736
740
740
736
736
741
738
733
735
739
734
732
737
735
731
734
738
734
730
734
736
730
730
735
733
728
732
734
730
729
734
731
727
728
734
730
726
731
731
727
727
732
731
725
728
730
726
724
729
727
724
725
729
726
723
726
727
723
723
727
726
722
724
727
724
721
726
725
722
722
725
723
719
723
724
720
720
723
722
719
720
723
720
718
722
722
718
719
722
719
715
721
722
718
717
721
721
715
719
721
718
715
720
720
715
715
721
718
714
718
719
715
715
719
717
714
715
718
715
711
717
717
713
714
719
716
712
716
718
714
711
716
715
712
714
717
713
710
715
717
711
711
715
713
709
713
715
711
709
713
713
710
711
715
711
707
712
712
709
709
713
711
707
710
712
708
706
712
711
706
708
711
708
705
709
710
705
705
711
710
704
708
709
706
705
709
707
703
705
710
706
703
706
708
705
704
708
706
703
705
708
704
701
707
705
703
704
706
704
700
706
706
703
703
707
705
700
704
707
703
701
705
704
701
703
706
703
699
703
704
700
701
703
703
699
701
704
701
698
703
703
700
700
704
702
698
701
703
699
698
704
702
698
700
704
700
697
702
702
697
699
703
701
697
701
703
699
697
703
701
699
700
703
699
696
700
702
697
697
701
700
696
700
702
697
697
701
699
696
698
701
698
695
700
701
695
696
701
697
694
699
700
696
695
700
699
694
696
700
697
695
699
698
695
696
701
699
693
698
699
695
694
701
699
694
696
698
696
694
698
699
695
695
699
697
693
697
700
695
693
698
697
695
695
699
697
693
698
698
694
695
699
696
692
696
698
694
693
698
697
693
695
699
696
693
697
698
693
693
698
696
692
696
697
693
692
697
696
691
694
698
695
693
697
697
693
693
697
697
691
695
698
693
690
697
696
691
694
698
694
690
695
697
692
692
697
695
693
694
697
693
690
697
697
691
692
696
694
691
694
695
691
692
697
694
690
695
696
694
691
696
695
691
693
697
695
690
695
695
692
691
696
694
691
692
696
693
691
695
695
690
692
697
694
691
694
696
693
692
696
692
690
693
697
693
690
694
694
690
691
696
694
691
694
695
692
691
696
694
690
693
695
692
691
694
695
690
691
695
693
690
693
695
692
690
695
693
690
691
696
693
690
694
694
691
691
695
693
690
692
695
690
690
694
694
689
692
694
692
690
693
694
690
689
693
693
689
692
694
690
688
693
692
688
690
694
691
688
692
693
689
690
694
692
688
692
694
689
688
694
693
688
690
694
690
688
692
694
689
689
693
691
689
692
694
691
688
693
692
689
692
694
691
687
692
692
690
689
694
691
688
691
693
689
688
693
692
688
690
693
691
687
692
692
689
688
694
692
686
691
693
688
688
693
693
688
689
694
690
687
692
693
687
689
693
690
687
691
693
689
687
693
693
687
689
693
691
687
690
692
689
689
693
690
687
691
694
689
687
693
692
690
688
692
691
687
692
693
687
689
694
692
687
691
695
691
689
692
693
689
690
694
691
688
693
692
689
689
693
691
687
690
693
689
687
692
693
688
688
692
690
688
692
693
689
688
692
692
685
689
694
691
688
692
692
689
690
694
692
688
693
695
690
688
693
692
689
692
694
691
688
694
693
689
689
693
691
688
692
694
691
689
694
693
688
691
694
692
688
693
693
689
689
695
692
688
692
693
689
688
692
693
689
691
695
691
688
692
694
690
689
694
691
688
692
694
691
688
693
693
688
691
694
691
689
693
695
689
689
693
692
687
693
695
690
689
694
694
688
690
693
692
689
693
693
688
688
694
691
688
691
694
690
688
693
692
688
690
693
690
688
693
693
688
689
694
693
689
692
694
691
688
694
692
689
690
694
691
690
693
694
689
689
694
693
686
690
693
691
688
693
692
689
691
694
690
688
693
694
690
689
694
692
689
691
694
689
688
693
693
688
689
694
692
688
692
693
691
689
693
693
689
691
694
691
688
693
693
688
690
694
691
688
692
692
689
689
693
693
688
691
693
691
688
694
693
689
690
693
691
688
693
694
689
688
693
691
688
690
693
690
688
693
693
688
690
694
691
688
693
695
691
690
694
693
689
690
693
690
688
694
693
688
689
695
693
687
692
694
690
690
694
693
688
691
695
691
689
694
693
689
690
695
693
688
692
694
690
688
694
694
688
690
695
692
689
694
692
688
690
694
691
685
690
694
688
688
692
691
687
690
693
689
686
691
691
688
687
692
690
686
689
691
689
687
691
690
686
688
691
689
685
690
691
687
688
691
690
686
689
691
688
687
692
691
686
688
692
687
687
690
692
686
686
691
690
687
690
692
688
687
692
690
687
690
692
690
687
692
693
688
688
693
690
687
691
693
689
687
692
692
688
690
694
690
688
692
693
689
689
694
691
688
692
694
690
689
692
692
687
690
694
690
687
692
694
688
689
694
692
687
690
694
690
690
693
692
689
690
695
692
688
693
693
690
690
695
693
688
691
694
691
689
695
693
688
689
694
692
686
692
693
690
688
693
691
687
691
693
690
688
693
692
689
689
693
691
687
690
693
688
688
694
693
687
690
692
689
687
692
692
688
690
694
690
687
692
692
689
688
692
692
687
689
692
687
685
690
691
688
688
692
689
686
691
692
688
688
692
690
686
688
692
688
686
691
691
687
688
691
691
687
690
692
689
687
692
690
686
688
691
689
686
690
692
686
687
691
688
685
687
690
687
686
690
688
684
688
690
687
684
689
689
685
685
689
688
683
686
689
685
684
688
688
683
686
690
686
683
688
688
685
685
688
687
683
686
688
685
683
688
686
683
685
689
687
681
687
688
685
683
688
686
682
686
687
684
683
688
686
683
685
687
687
683
688
688
684
684
688
686
682
687
687
684
683
688
688
683
685
688
686
683
687
688
684
685
689
686
682
685
688
683
683
687
687
682
684
688
685
682
686
687
683
683
688
686
684
686
687
684
684
688
686
682
685
688
684
682
685
686
684
683
687
685
681
685
686
683
682
686
687
682
684
687
685
682
683
686
682
683
687
686
680
684
687
684
683
686
686
683
683
688
685
682
687
688
682
683
688
686
683
687
688
685
683
688
688
684
685
690
688
683
688
689
684
684
689
687
683
686
689
686
682
688
688
685
686
689
687
685
688
689
685
686
689
688
684
687
691
687
684
688
690
684
686
689
687
684
687
688
684
684
688
687
683
685
688
686
683
687
688
684
685
686
685
681
686
687
682
682
687
686
681
684
687
684
681
686
687
683
683
686
685
682
686
686
684
682
688
686
682
684
687
684
682
685
686
682
683
685
684
681
685
686
682
681
686
686
679
682
685
682
680
682
685
680
681
685
683
679
683
684
681
680
684
683
680
681
685
682
679
683
685
680
680
684
682
679
682
684
681
679
682
683
679
681
683
680
678
681
683
679
680
683
680
676
680
681
679
674
681
680
676
678
679
677
676
679
679
676
675
679
677
675
678
679
675
674
678
677
673
673
677
674
670
673
675
672
670
674
673
670
671
672
670
668
672
670
668
669
672
669
666
670
672
665
666
671
669
666
668
669
665
663
667
667
662
665
668
666
664
668
669
664
664
667
665
662
664
666
664
662
664
665
659
661
665
661
659
664
663
660
660
664
661
658
660
663
659
658
661
660
658
658
661
658
656
659
660
657
656
660
658
655
659
660
657
655
657
657
655
657
658
655
653
657
656
654
653
658
656
652
655
657
654
655
659
658
654
656
661
656
654
659
658
656
656
659
658
656
658
661
657
654
660
660
656
657
661
660
656
660
661
657
657
662
660
656
659
662
659
658
662
661
658
658
663
660
657
660
663
659
658
662
660
658
660
662
659
657
662
662
658
659
661
659
657
659
662
659
659
663
661
656
658
663
659
656
660
661
657
658
663
660
657
661
661
658
657
661
661
657
660
663
659
656
662
662
657
659
661
659
656
659
661
657
656
660
660
656
660
662
659
656
660
661
656
658
662
660
656
660
661
658
656
661
661
657
658
661
658
656
661
662
657
658
662
660
656
659
661
658
657
662
661
657
659
663
658
657
660
661
657
658
661
660
656
659
661
658
655
661
661
658
659
662
660
656
661
662
658
658
662
660
657
659
660
658
657
661
661
657
659
662
659
656
660
662
658
658
662
660
657
659
660
659
657
662
661
655
658
662
660
656
661
661
658
658
661
659
656
660
663
658
657
662
661
657
658
662
660
657
662
661
659
658
662
660
657
660
662
659
657
662
661
658
658
661
660
657
661
661
658
658
662
660
656
660
662
659
656
661
661
657
658
661
659
656
660
661
657
658
661
661
656
660
662
658
658
662
662
658
658
663
660
657
661
662
659
659
662
661
658
660
662
657
656
660
661
657
657
662
659
656
661
661
657
656
662
660
657
659
662
659
658
661
661
657
657
661
660
658
660
661
658
656
662
660
656
660
662
658
656
660
660
657
658
661
658
656
661
660
657
656
661
659
655
658
660
657
656
661
660
657
657
661
659
656
660
661
657
658
661
660
656
658
662
659
656
660
659
656
659
661
659
656
659
661
657
657
661
660
655
658
661
659
655
660
659
656
656
661
658
655
659
660
657
656
660
659
656
658
660
657
656
660
661
657
658
660
659
656
659
661
656
656
661
659
657
657
661
657
655
660
660
657
658
661
659
656
659
660
655
657
661
660
655
658
660
656
655
660
660
656
656
660
658
655
659
659
656
657
660
659
656
657
661
658
656
660
660
656
657
660
657
656
658
659
656
656
660
659
655
657
661
657
656
660
659
656
656
660
659
655
658
659
657
656
659
659
656
659
660
657
656
659
659
656
657
659
659
656
658
660
657
656
661
659
655
658
661
658
656
660
660
656
657
661
658
655
658
660
657
655
659
660
656
657
661
656
655
659
660
657
656
659
658
655
658
660
657
655
659
659
656
657
660
657
655
659
660
656
656
660
658
655
659
660
656
656
659
658
656
656
659
657
655
658
660
654
655
660
657
656
658
661
656
655
659
658
656
657
660
657
655
659
659
655
656
661
658
655
657
660
656
655
659
658
655
656
659
657
654
658
659
655
656
660
658
655
658
659
656
655
659
657
655
657
660
657
655
657
658
655
655
659
658
655
657
660
657
655
659
660
655
657
660
657
654
659
660
655
656
659
659
655
658
660
657
655
660
659
655
656
660
658
655
658
659
655
655
659
659
654
658
660
657
655
659
660
656
657
659
658
655
658
660
656
656
660
658
655
658
660
657
655
660
659
655
656
661
658
655
658
660
656
656
660
658
654
658
659
657
654
659
658
654
656
660
658
655
656
659
656
657
660
659
654
658
660
658
655
661
660
656
658
662
660
655
659
660
656
656
661
659
655
657
660
656
655
659
659
655
657
660
658
655
658
661
657
656
660
658
655
657
660
657
654
660
659
656
657
660
659
654
658
660
656
655
660
659
655
657
662
657
655
660
659
656
656
660
659
654
658
658
656
655
659
658
655
658
659
656
655
659
660
656
656
659
659
655
659
660
656
655
659
658
655
657
660
656
655
659
660
656
657
659
658
654
658
659
656
655
660
658
654
657
659
656
655
658
658
654
655
660
658
654
658
660
656
655
658
657
653
656
658
655
653
656
656
652
654
658
656
653
655
657
655
654
657
657
654
655
659
655
652
657
656
653
653
657
655
652
655
657
653
652
657
656
651
654
657
654
653
656
656
653
654
656
654
653
657
659
654
653
656
657
653
655
658
655
654
658
658
654
654
657
656
654
656
657
654
654
657
658
652
654
657
655
652
658
656
655
655
658
656
653
656
658
655
653
658
656
653
655
656
655
654
658
658
653
654
659
656
653
655
657
653
653
658
657
654
656
658
656
653
658
657
655
654
658
657
654
655
658
653
655
658
657
653
655
659
656
653
657
658
656
654
658
657
652
657
659
655
654
656
657
653
656
658
658
654
657
658
655
654
659
658
654
656
659
655
654
657
658
654
655
659
656
654
658
658
655
656
659
658
654
658
659
656
655
658
659
655
655
659
655
655
658
658
655
652
658
657
654
657
659
656
654
657
657
654
656
658
656
655
658
659
654
655
660
658
655
656
658
656
654
659
657
655
656
659
657
654
658
658
655
656
659
658
654
656
659
657
655
659
658
655
656
659
658
655
658
658
655
655
660
657
654
656
659
657
655
659
657
654
655
659
657
654
658
658
655
654
659
657
654
657
659
656
654
659
658
653
655
659
657
652
657
659
654
655
659
656
653
657
659
656
654
658
657
655
655
658
656
653
658
659
655
654
659
657
654
656
659
656
654
658
658
654
656
659
658
653
657
659
655
654
659
656
654
656
658
654
655
657
658
654
653
658
655
654
657
659
654
654
658
657
652
655
659
655
653
657
658
654
655
659
656
654
657
658
654
654
658
657
653
656
659
655
652
656
657
654
655
657
656
653
657
656
653
653
658
657
653
655
657
655
652
656
657
653
654
659
655
654
656
658
654
655
657
656
653
656
659
655
654
657
656
654
654
658
656
653
656
658
654
654
658
656
652
654
657
656
651
656
656
653
654
655
655
651
657
657
653
652
657
656
653
654
657
654
653
657
657
654
654
658
656
652
655
657
654
653
658
657
653
655
658
655
652
656
656
655
654
658
656
652
655
658
653
653
657
657
652
654
656
654
652
656
656
653
653
657
656
652
655
658
653
653
658
655
654
654
657
655
653
657
657
653
653
658
655
653
655
656
653
652
657
656
653
654
657
655
652
656
656
653
653
656
655
651
655
657
653
653
656
656
652
654
656
655
652
657
656
653
653
657
655
652
655
657
653
652
656
656
653
654
656
655
652
657
657
652
652
656
654
652
654
657
652
651
655
655
653
653
656
654
650
654
656
652
653
655
653
651
655
656
652
652
655
656
652
653
656
654
651
655
657
651
652
656
654
651
654
656
653
652
655
655
651
652
656
654
651
654
655
649
651
656
654
652
652
654
652
652
655
655
651
652
654
654
650
654
655
650
652
656
655
651
654
655
652
651
654
653
650
652
654
651
650
654
654
650
651
654
653
650
652
654
651
649
654
653
650
651
654
652
650
652
653
650
650
654
652
650
651
653
651
650
653
652
649
650
653
652
650
653
653
649
650
653
653
649
653
653
651
649
653
653
650
651
654
653
650
652
653
650
649
653
652
650
652
654
651
649
653
653
649
651
654
651
650
653
654
651
650
654
652
649
652
654
651
650
653
652
650
650
654
651
648
652
654
650
649
654
652
649
652
655
651
649
652
653
647
652
654
651
649
650
652
649
650
654
652
650
651
655
652
650
653
652
649
650
654
652
648
653
654
650
649
654
653
649
651
654
651
649
653
653
649
650
654
651
649
651
653
650
650
653
652
650
651
654
650
648
652
653
650
651
655
653
648
651
653
649
649
653
651
650
651
654
651
648
653
653
649
650
654
652
649
652
653
650
649
654
653
650
652
654
651
649
654
654
650
651
653
652
649
653
654
650
649
653
653
649
652
654
651
648
653
654
651
650
655
652
649
652
654
652
649
654
653
651
652
654
652
650
653
653
651
650
654
654
649
653
654
650
650
655
653
650
652
654
651
650
654
652
650
651
654
652
650
652
654
652
650
655
653
650
652
655
653
650
653
653
650
651
655
653
651
653
654
650
651
653
653
650
652
655
652
650
653
653
650
651
655
651
650
653
655
650
649
653
653
650
652
653
652
650
654
654
651
651
654
653
650
655
655
654
653
657
657
653
655
658
655
652
656
656
652
653
657
656
654
656
657
654
653
658
656
653
653
657
656
652
656
657
652
653
657
656
652
656
657
653
651
656
655
652
654
657
656
652
657
657
653
654
657
655
652
654
656
654
653
656
656
652
654
657
654
653
656
657
653
653
657
655
651
654
656
654
652
657
655
651
654
657
655
652
655
656
652
652
657
655
652
655
657
654
652
657
656
653
654
657
654
653
655
656
652
653
657
655
652
654
656
654
652
657
656
653
654
657
653
651
656
656
653
652
657
655
652
654
656
653
653
656
657
652
655
657
655
652
657
657
653
653
656
654
652
656
658
654
652
656
655
652
653
657
655
654
656
657
653
653
657
656
652
655
657
654
653
656
656
653
653
656
655
652
656
656
653
652
657
655
652
654
657
653
654
657
657
652
654
658
654
652
656
656
652
653
656
655
651
654
657
653
653
656
656
652
654
657
654
651
655
655
652
653
656
655
651
654
657
653
652
657
655
652
654
657
655
652
656
657
653
653
657
655
652
654
657
654
652
657
656
652
654
656
654
651
655
656
653
653
656
656
653
655
657
652
652
655
655
652
652
655
654
653
656
656
652
652
656
655
653
655
657
654
652
655
657
653
654
656
654
653
656
656
653
651
656
655
652
655
657
654
651
656
655
653
653
656
654
651
655
655
652
652
657
655
651
653
656
654
651
655
655
652
653
657
655
653
655
656
653
653
658
656
651
654
657
653
652
655
656
652
653
656
655
652
655
656
653
652
657
656
652
654
656
654
651
656
657
652
653
656
653
651
655
657
653
652
656
655
652
654
658
654
652
656
657
654
654
656
656
652
655
656
654
653
657
656
653
654
658
655
652
657
657
653
654
657
655
653
655
657
652
653
657
656
652
655
658
653
653
657
656
652
652
657
655
652
656
656
654
653
657
656
653
655
658
656
653
657
657
653
653
657
656
652
656
657
654
653
657
657
653
655
657
655
652
656
655
653
654
657
656
652
654
656
653
653
656
657
652
655
658
655
652
657
657
655
654
659
656
653
656
658
655
653
658
657
654
655
658
656
654
658
659
654
654
658
657
654
656
658
655
654
658
657
653
655
658
656
652
657
659
655
655
658
657
654
656
658
655
654
659
657
655
656
659
656
653
659
658
655
654
658
656
654
656
659
655
654
658
657
653
656
660
657
653
657
657
653
655
658
657
653
657
658
654
653
658
657
654
655
658
656
653
658
659
655
655
659
659
655
657
658
656
655
659
658
655
656
659
657
654
659
660
656
655
660
658
654
657
659
656
655
659
657
655
656
661
657
653
658
659
655
655
660
659
655
658
661
657
655
659
659
655
657
660
658
655
658
660
656
654
661
659
654
659
661
657
655
658
658
655
657
660
658
654
658
660
656
656
660
659
655
657
660
657
654
659
659
656
656
661
658
654
658
660
656
655
660
659
655
657
660
656
655
660
660
656
657
660
658
654
658
660
656
656
659
658
655
658
661
657
655
659
659
656
656
661
659
655
659
659
655
656
660
658
654
657
660
657
655
659
660
656
656
660
658
655
658
660
656
655
660
660
655
657
660
656
655
659
659
656
655
661
657
654
658
661
656
655
660
658
655
657
660
656
653
658
659
656
656
660
658
653
658
660
656
655
659
657
654
657
659
656
654
659
659
655
656
658
656
654
658
658
656
654
658
658
653
655
658
655
653
657
657
654
654
657
656
653
656
657
653
652
657
656
653
655
658
654
652
657
658
653
653
657
655
652
656
658
653
653
657
657
653
655
658
655
653
657
658
654
654
659
658
652
657
658
654
655
659
657
653
656
660
657
655
660
661
655
656
660
659
657
659
660
657
656
662
661
657
659
662
660
657
662
663
658
659
665
663
659
662
665
661
660
667
665
660
664
668
665
661
666
668
662
663
668
666
662
665
669
665
664
667
667
664
666
670
667
664
669
670
667
666
671
670
667
671
673
668
667
673
672
667
669
672
669
667
673
674
669
669
675
674
670
674
676
672
671
678
677
672
675
676
676
672
678
678
673
675
679
678
674
677
681
677
675
680
681
675
677
681
678
676
681
683
679
679
684
685
679
685
689
685
683
690
692
687
690
696
693
689
697
698
693
693
700
700
694
699
705
700
697
705
704
699
702
709
706
701
709
711
705
706
713
712
706
711
716
712
709
717
717
711
714
720
717
713
720
722
716
715
725
722
716
720
726
721
718
726
726
720
722
729
725
719
726
729
724
722
731
728
723
729
733
728
725
733
734
727
728
737
733
727
734
737
732
729
738
736
730
735
740
734
731
739
739
732
733
741
737
732
739
743
736
735
744
741
734
738
742
740
735
743
746
738
739
747
743
737
744
747
743
739
749
747
741
745
750
746
741
751
750
744
746
753
749
743
751
755
748
745
754
755
748
752
757
753
748
757
758
752
753
761
758
750
758
761
754
754
763
760
753
759
765
759
754
764
765
758
759
767
762
757
764
766
761
759
768
766
760
763
769
765
760
767
768
761
763
771
767
760
768
771
765
763
771
768
762
763
772
767
761
771
774
765
765
774
770
763
770
774
767
765
773
773
766
771
777
772
766
774
776
768
769
777
774
767
775
778
770
769
779
777
768
774
780
774
769
778
779
770
772
780
776
769
776
781
774
770
781
780
771
775
782
778
772
781
782
775
775
783
780
773
780
784
778
774
784
783
774
779
786
781
775
785
785
777
779
786
783
776
783
786
781
777
787
785
779
781
788
783
778
784
787
779
781
789
784
777
784
789
782
781
789
789
781
784
791
786
780
790
791
783
783
792
789
782
789
792
786
783
792
791
783
786
795
788
782
792
794
785
785
795
791
784
790
795
788
785
796
794
787
789
796
791
784
793
796
787
788
797
793
785
792
798
791
786
796
797
786
791
798
793
786
796
797
790
788
798
796
786
793
798
790
787
797
796
788
792
798
794
787
796
796
790
790
799
795
788
794
799
793
790
798
797
789
792
801
794
788
797
799
791
790
800
796
789
794
799
792
789
798
796
789
791
797
794
787
796
798
790
788
799
796
788
794
800
792
789
797
798
790
792
800
793
787
797
799
790
790
800
796
788
795
801
795
789
799
799
791
794
800
795
789
797
801
793
791
801
797
790
797
804
798
795
802
801
794
795
802
797
790
799
800
794
790
802
799
791
797
801
794
789
798
799
790
792
799
794
788
796
798
791
789
799
797
789
794
800
793
789
798
799
790
791
798
793
786
795
797
790
789
796
794
786
791
796
790
787
795
793
786
789
795
792
784
792
793
786
786
793
790
784
788
794
789
785
794
794
785
788
797
792
786
790
793
786
784
793
790
782
786
791
786
783
790
790
784
785
792
789
783
788
791
785
784
791
791
784
788
793
787
785
790
791
785
786
793
789
785
791
793
788
786
794
793
788
791
796
792
789
798
798
794
793
800
798
791
798
802
796
795
803
801
794
798
803
797
794
802
803
798
796
804
801
797
802
803
797
796
805
805
798
801
805
800
796
803
804
796
798
804
801
796
800
804
802
802
807
804
800
801
802
797
795
797
794
788
788
789
785
782
783
784
779
777
780
778
773
779
784
781
778
784
785
781
781
787
785
780
788
792
786
786
795
793
787
791
798
792
788
796
796
791
789
795
793
789
794
797
791
790
798
797
790
793
799
795
791
797
798
792
792
800
797
792
798
800
795
793
801
801
793
796
802
796
793
800
802
794
796
802
800
794
799
803
797
794
802
801
796
798
803
800
794
803
805
798
798
804
802
795
802
807
800
796
805
805
797
797
806
802
796
804
803
799
798
808
804
797
804
807
801
799
807
805
799
802
809
803
798
806
808
800
801
809
806
798
803
808
803
798
808
807
800
804
810
804
799
807
809
803
802
810
807
798
805
809
804
801
808
807
800
804
811
806
799
808
809
802
801
810
808
801
806
812
806
802
811
810
802
806
812
808
801
810
812
803
804
812
808
801
807
812
806
803
811
809
803
805
811
807
801
809
811
804
803
812
809
802
806
812
805
803
811
810
802
806
813
807
802
809
811
803
803
812
809
802
806
812
805
801
811
811
802
805
811
808
801
809
811
803
802
811
809
802
805
811
805
801
810
811
803
803
812
807
800
809
810
803
801
810
809
801
806
811
806
800
810
809
801
805
811
807
800
807
809
803
801
810
808
800
805
810
804
801
809
809
800
803
810
805
798
809
808
803
802
809
807
798
806
810
804
799
808
808
799
801
808
806
800
806
809
801
801
809
807
800
804
809
803
799
809
809
800
803
809
804
799
806
808
800
800
808
806
798
804
809
802
799
807
806
799
801
808
805
799
806
809
801
798
808
806
798
803
809
803
799
808
808
798
802
808
804
797
804
807
801
799
807
805
799
803
808
803
799
807
807
800
801
810
805
798
805
807
800
800
808
805
799
803
809
802
797
807
807
800
801
810
805
798
805
809
801
799
809
806
799
802
809
803
798
807
806
800
801
809
803
799
805
807
801
798
807
806
798
804
809
804
797
807
806
799
800
806
803
796
804
808
801
799
808
805
798
802
808
802
797
807
807
799
799
808
805
798
804
807
801
799
806
806
796
802
808
802
797
806
806
799
800
806
804
797
803
807
799
799
807
804
797
801
807
800
797
804
804
798
798
807
803
795
802
806
799
797
807
803
796
801
807
801
796
804
805
797
797
805
801
795
802
805
799
797
807
803
797
800
806
803
796
804
806
798
798
806
803
797
803
807
800
799
807
805
796
800
807
802
796
805
806
800
799
809
804
797
804
809
802
799
809
807
800
803
810
806
801
810
811
803
803
813
809
801
808
812
805
800
812
811
804
808
814
808
802
811
812
806
804
814
812
803
810
815
808
806
815
813
805
808
814
810
805
814
815
807
808
816
812
805
812
817
810
806
814
815
806
810
816
812
805
814
816
809
810
817
815
805
812
816
811
807
817
816
809
812
819
814
807
817
818
812
810
819
816
808
815
820
813
810
819
818
811
815
822
816
810
818
820
813
813
822
818
812
818
823
816
812
821
820
815
816
824
819
813
821
823
816
815
825
821
813
819
826
819
816
824
824
816
819
828
822
815
825
827
820
819
828
824
816
823
829
822
817
827
826
818
821
828
826
818
826
829
822
818
828
827
819
826
828
823
820
828
828
821
823
831
826
820
829
831
823
822
833
830
821
826
832
826
821
831
831
823
827
833
828
821
830
834
825
824
832
830
822
829
834
827
821
833
833
822
827
834
831
823
833
833
825
826
835
833
825
829
835
830
824
833
835
826
829
837
830
824
832
834
828
827
834
832
824
830
834
827
824
833
833
825
826
833
830
822
830
833
826
824
832
829
823
828
832
828
821
831
830
824
826
834
828
821
829
833
825
823
833
830
823
827
833
826
823
832
831
822
825
833
829
822
831
832
825
824
833
831
823
830
835
829
824
833
832
825
828
835
831
825
831
836
828
825
835
833
824
829
837
831
825
836
837
827
829
838
834
827
835
838
830
828
838
836
827
832
838
833
827
837
838
830
831
840
836
828
836
840
832
831
841
840
829
835
842
836
829
838
840
832
833
842
838
831
839
843
835
833
842
840
832
837
844
838
832
841
842
835
836
845
841
833
840
843
835
835
844
842
832
838
844
838
832
843
844
834
835
844
840
832
840
843
836
833
843
841
833
838
845
839
832
842
842
835
834
844
840
832
840
843
836
833
843
840
833
838
843
837
832
842
842
836
836
845
841
833
839
846
838
833
844
843
834
838
843
840
832
842
844
834
836
845
842
832
840
845
837
834
844
844
834
839
846
840
833
843
845
837
837
847
842
835
842
847
841
836
847
847
838
842
851
843
836
846
848
840
840
850
847
838
847
850
843
838
848
847
839
844
852
845
839
849
851
842
843
853
847
840
848
853
845
841
851
848
841
844
852
846
839
849
851
842
843
851
850
840
846
851
844
840
851
850
841
845
854
846
839
848
852
843
841
850
848
840
847
851
844
840
850
849
840
843
852
846
838
849
850
841
838
848
846
838
844
848
841
835
846
845
837
840
849
843
836
845
846
838
837
847
843
835
842
846
840
837
846
845
837
839
846
842
835
843
846
838
836
846
843
836
841
847
841
836
846
845
836
841
847
842
836
845
847
838
838
846
842
835
841
846
840
836
846
844
836
838
846
841
836
844
845
839
838
846
842
836
841
846
839
836
844
844
836
839
846
841
835
843
846
839
836
845
843
834
840
845
840
834
844
844
835
837
845
842
832
841
844
836
834
844
841
833
838
843
836
833
844
842
833
834
844
840
834
841
844
836
834
844
842
834
839
844
837
835
842
843
834
836
845
840
833
842
844
835
834
843
840
834
839
845
838
832
843
843
835
837
847
839
833
842
843
836
835
844
843
834
838
845
839
834
844
844
835
836
847
841
834
842
846
839
837
846
843
835
840
846
840
835
845
847
837
838
846
843
835
844
846
839
838
846
844
835
841
845
840
836
846
847
837
839
848
844
835
844
850
840
838
849
844
836
843
849
842
836
846
847
840
841
849
845
837
845
848
841
839
849
847
841
843
851
844
838
849
849
840
842
850
846
838
847
851
842
841
851
847
840
841
849
845
840
849
851
842
843
852
847
839
849
851
844
841
852
850
841
846
851
847
841
851
851
842
844
853
848
841
848
854
846
843
853
851
844
846
854
847
841
852
851
845
844
853
850
841
849
853
847
843
852
851
842
847
854
848
842
851
852
844
845
856
850
842
849
854
847
844
852
851
843
847
854
850
843
852
854
844
845
854
850
843
849
853
846
843
851
852
843
847
854
848
841
851
853
844
843
853
849
843
849
853
847
842
852
852
843
846
854
849
840
850
851
843
843
852
849
841
848
853
845
842
852
850
842
845
853
847
841
851
852
843
843
852
849
840
847
852
847
840
851
849
840
843
852
847
840
849
851
842
842
851
847
839
846
850
843
838
848
847
838
843
849
844
837
846
848
840
839
848
846
836
845
848
842
837
846
844
838
841
848
843
834
844
846
839
839
847
842
835
843
847
840
836
845
846
837
839
847
842
836
844
846
838
837
849
845
836
843
846
840
836
846
846
837
839
848
842
835
844
846
838
838
846
845
837
843
847
841
836
847
846
838
840
848
843
836
845
846
838
838
847
844
836
842
848
841
836
848
845
837
840
849
842
835
844
847
840
838
847
844
836
841
849
841
836
845
844
836
838
847
842
836
844
846
837
836
847
844
835
841
847
841
835
845
845
835
839
847
842
834
842
844
838
837
844
842
835
841
846
840
835
844
844
836
838
846
840
834
843
845
839
836
844
842
834
840
846
839
833
842
844
835
837
846
840
834
842
844
836
835
844
841
834
838
844
838
833
841
841
834
836
843
838
832
840
842
836
833
843
841
833
836
842
838
832
841
841
832
833
841
837
830
838
840
833
831
842
840
831
836
841
836
831
841
839
831
833
842
837
830
837
840
833
831
841
839
833
836
841
837
829
839
838
832
833
841
837
829
836
840
833
830
839
837
831
832
840
834
829
839
838
829
831
840
835
829
835
838
831
828
838
836
828
833
837
833
827
835
835
827
829
837
832
827
833
835
829
826
836
834
825
830
836
831
824
834
834
827
829
837
831
825
832
835
829
826
837
835
827
830
837
832
825
834
836
829
828
836
833
826
833
836
829
826
834
833
825
829
835
830
825
832
833
826
827
835
831
824
831
835
829
826
833
833
825
828
833
830
823
833
834
825
825
834
830
824
830
835
828
826
835
835
826
829
837
832
826
835
836
828
828
838
835
826
833
838
831
827
837
837
828
831
838
834
826
836
838
829
829
838
835
828
833
839
833
829
838
835
829
832
840
835
829
837
839
831
830
840
837
830
834
840
832
830
837
837
827
830
837
832
826
833
835
828
827
835
831
825
831
834
829
824
833
831
824
826
832
827
821
829
830
824
821
831
828
819
826
830
825
821
830
830
823
825
831
826
820
828
830
821
819
830
826
818
822
829
822
817
826
825
817
821
827
822
816
824
826
819
819
827
823
816
823
825
821
815
824
823
817
819
826
821
814
822
824
817
816
825
820
813
819
823
817
814
822
821
815
816
824
819
813
821
824
818
816
825
824
817
822
826
820
816
825
823
816
817
822
819
813
818
824
817
815
824
821
813
820
824
818
815
822
821
814
815
822
818
812
820
823
818
816
826
823
816
822
826
823
818
826
827
819
821
831
828
821
829
835
829
828
839
840
834
840
847
842
840
849
850
842
844
852
848
843
851
855
849
847
857
856
849
854
860
857
860
879
897
913
942
980
1000
1004
1002
1003
1002
996
980
952
915
897
885
868
855
855
847
845
851
847
839
844
845
839
836
845
843
833
838
846
838
833
843
843
836
837
844
839
833
838
841
835
833
842
839
832
835
841
835
829
837
839
831
831
840
836
830
839
849
856
875
909
939
966
1003
1002
1002
1001
1001
1000
1001
1001
1000
998
1000
1001
1000
999
1000
1000
1001
1000
1000
1000
1000
1000
1000
1000
1000
1000
1001
1001
999
1000
1001
1002
1003
1000
999
1001
1000
1001
1000
999
1000
1000
1000
998
998
999
997
998
998
998
995
997
997
997
997
996
996
995
997
996
996
996
997
996
997
997
995
997
996
996
996
997
997
997
998
998
997
996
996
996
997
996
995
997
996
997
996
996
998
996
996
996
997
995
996
998
996
997
996
997
997
993
996
995
997
997
996
997
996
996
998
996
997
997
996
997
996
995
996
997
997
997
996
997
997
995
997
996
997
997
997
996
996
997
996
998
995
997
997
996
997
997
994
998
997
998
998
996
998
997
997
996
997
996
998
998
997
996
998
999
997
998
998
999
998
999
1000
1001
999
1000
1000
997
999
998
997
998
997
997
998
997
997
997
997
998
997
996
998
998
997
998
997
996
996
994
998
996
997
996
996
996
995
997
997
997
996
996
997
996
996
997
997
995
997
997
996
995
998
996
997
998
997
996
995
997
997
997
995
996
997
997
997
997
1000
1001
1001
1002
1001
1001
1001
998
1001
1001
1000
1000
1000
1000
1001
1000
1001
1000
1002
1001
1001
1002
1000
1000
998
998
998
997
997
996
996
996
997
996
997
997
996
997
996
997
995
997
997
996
997
997
997
997
996
996
998
997
997
998
997
997
997
996
998
996
997
995
997
997
997
997
997
997
996
996
996
997
995
997
996
997
995
995
996
998
996
996
998
997
997
997
998
997
996
997
996
998
998
996
997
996
996
997
998
997
996
996
996
996
997
996
997
997
998
996
996
998
996
996
996
996
996
997
997
997
996
997
997
996
996
996
996
996
996
996
996
996
996
996
996
997
997
995
998
997
995
998
996
996
998
997
997
996
996
996
996
997
997
996
997
995
996
997
996
995
996
997
996
997
996
997
996
996
996
997
996
996
997
995
997
997
997
997
996
996
997
996
996
997
995
997
996
997
997
998
998
996
997
997
998
995
996
996
995
997
997
997
997
998
996
997
995
997
997
995
995
996
996
995
997
997
996
998
996
997
996
997
996
996
997
996
996
997
995
997
996
995
997
997
995
998
996
995
996
996
996
996
997
997
996
994
995
997
997
998
997
996
995
998
996
996
996
996
997
997
997
996
997
995
997
997
996
995
996
996
997
996
996
996
997
996
997
995
997
996
995
998
996
996
995
997
997
997
996
996
997
996
996
997
997
995
998
997
997
998
996
996
997
998
997
996
994
995
997
997
996
997
996
997
997
997
996
997
996
996
997
998
996
997
997
996
995
997
997
997
996
997
995
997
996
996
996
997
996
996
997
997
995
996
996
996
995
996
997
998
996
996
996
995
996
996
998
996
997
996
995
997
997
996
998
996
997
995
998
996
996
998
996
996
997
995
998
997
995
997
997
996
998
996
996
998
996
997
997
996
996
996
994
996
997
998
995
996
995
996
996
996
996
996
995
996
997
995
997
997
997
997
996
996
995
996
997
997
998
996
996
996
996
996
996
997
996
997
996
998
997
998
995
997
997
996
996
997
995
997
996
997
997
997
995
995
998
996
997
997
996
996
996
996
996
997
998
996
997
997
996
995
996
997
996
997
997
998
996
996
996
997
997
997
997
997
996
997
998
996
996
997
996
997
995
996
998
996
997
994
997
996
996
995
995
995
996
996
996
996
998
996
996
997
998
997
996
997
997
997
996
997
996
997
995
995
996
997
998
995
996
997
997
996
997
995
995
996
996
997
996
997
996
997
997
997
995
998
996
995
997
995
997
998
998
996
996
997
995
997
998
996
996
998
996
997
997
996
996
997
996
995
997
996
996
998
996
996
997
997
997
996
995
999
998
998
996
998
997
998
998
996
998
998
999
1001
1001
1000
1002
1003
1000
1001
1001
1000
1000
1002
966
777
608
460
347
262
174
154
151
152
151
149
150
150
150
149
149
148
148
147
147
148
147
147
147
148
146
148
148
148
148
145
148
148
147
147
148
146
148
148
146
147
148
148
147
148
148
147
147
147
148
148
149
148
148
147
147
148
147
147
147
147
147
148
148
148
148
147
147
147
147
148
147
147
147
147
148
145
146
148
147
147
147
146
148
147
148
148
148
147
148
147
148
148
147
148
147
148
148
148
147
147
147
149
147
148
147
146
148
147
147
148
147
147
147
147
147
147
147
148
148
148
146
148
147
147
147
147
147
148
148
147
147
148
150
152
156
167
178
158
152
149
148
148
148
148
147
148
148
147
148
147
148
148
148
148
148
148
147
148
147
149
148
147
147
148
147
148
145
148
148
148
149
149
147
148
148
147
148
147
148
147
148
149
148
147
148
147
147
147
148
148
147
147
148
148
147
147
148
147
147
148
147
147
147
148
148
148
147
148
148
147
149
148
148
147
148
147
147
147
147
147
147
148
147
148
148
147
148
147
148
147
147
148
147
147
147
148
147
147
147
148
147
147
147
148
147
148
148
148
147
147
149
148
147
148
148
147
147
148
146
148
147
147
148
146
147
148
148
148
147
147
147
148
148
149
147
148
148
147
147
148
148
148
148
147
147
148
147
148
147
148
148
148
147
147
147
147
147
149
148
147
147
148
147
146
147
147
148
148
147
148
148
147
147
147
147
148
147
148
148
147
147
147
147
147
148
148
147
147
148
148
148
147
148
147
147
148
149
148
148
148
148
147
147
149
148
148
147
149
148
148
147
147
148
147
149
148
148
147
147
148
147
147
148
148
147
147
147
147
149
147
148
148
148
148
148
147
148
148
147
148
148
147
148
147
147
148
147
148
148
147
148
147
148
148
149
148
148
148
147
147
148
147
148
148
148
147
147
148
148
147
149
147
147
148
148
148
147
147
148
148
146
146
148
147
147
147
148
147
147
147
147
148
147
149
148
148
147
148
148
149
147
146
148
147
147
147
147
147
147
147
149
148
148
148
148
148
147
148
148
149
147
147
147
147
147
146
148
147
147
148
148
148
148
148
146
149
147
147
148
147
148
147
148
148
147
148
148
147
148
148
147
148
147
149
147
147
147
148
148
148
149
147
147
147
147
148
148
148
148
148
147
148
147
147
147
147
147
148
148
148
147
147
148
148
148
148
148
149
148
148
149
147
147
148
148
148
147
148
148
148
147
148
147
148
148
148
147
148
147
148
148
148
147
148
147
147
147
147
147
148
147
147
148
147
148
148
147
147
147
148
149
148
147
147
148
147
147
148
147
148
147
147
147
147
146
148
147
147
147
148
148
147
148
147
148
148
147
148
149
147
147
148
147
147
147
148
149
147
148
148
147
147
147
148
147
148
149
149
147
148
147
147
148
148
146
148
148
148
146
146
147
147
148
147
147
148
147
147
147
147
147
147
148
148
148
147
149
148
147
147
148
148
147
148
147
148
148
148
148
147
148
148
149
147
149
148
148
148
148
147
147
149
148
147
147
147
147
148
147
147
147
148
149
148
148
149
147
147
148
148
147
147
147
148
147
147
147
148
148
148
147
147
148
147
147
147
148
148
147
149
149
150
149
149
151
149
150
150
151
150
151
149
151
151
150
151
150
151
150
150
151
152
151
151
153
152
151
152
151
152
151
151
153
152
153
152
153
153
153
153
153
153
154
153
155
153
154
153
153
153
154
154
153
153
153
153
154
156
155
155
157
158
157
158
160
159
158
159
159
159
159
160
160
160
161
162
162
163
167
169
166
167
177
179
181
190
197
197
203
213
215
212
219
226
225
228
234
224
213
211
215
215
221
236
251
262
278
302
322
335
353
366
365
362
367
368
361
361
365
364
364
376
384
387
388
397
396
388
389
387
375
364
359
355
348
354
363
364
357
361
361
355
351
352
347
337
333
330
316
302
292
275
249
232
222
211
200
202
202
196
193
195
192
183
182
185
179
176
184
186
182
188
195
197
195
203
208
207
211
221
226
223
228
230
225
222
225
228
221
224
230
231
226
229
227
216
207
204
196
182
179
178
172
167
172
173
171
181
195
206
216
237
256
