574
598
632
655
671
701
727
739
750
772
780
778
786
794
788
780
785
784
770
766
770
761
749
750
749
739
730
733
728
714
713
714
705
692
695
690
677
669
672
662
646
645
644
632
626
630
627
616
618
624
620
614
623
625
620
621
634
634
628
637
644
639
635
645
644
634
637
643
638
630
636
637
627
623
630
625
615
617
620
610
611
609
598
599
604
596
586
593
593
584
583
592
589
581
588
592
584
578
587
584
576
577
585
578
570
577
579
571
569
579
576
570
577
584
577
574
582
582
570
571
578
573
562
567
566
555
551
559
556
548
553
561
556
556
569
578
579
595
620
633
646
676
701
717
736
765
780
786
804
820
821
821
836
836
828
829
833
824
811
813
812
797
791
794
785
772
770
773
761
752
757
751
737
735
738
727
714
715
711
695
687
690
680
668
668
670
660
650
656
651
637
633
637
632
627
636
645
641
644
655
654
644
645
648
641
636
649
651
644
645
651
642
631
634
633
625
621
632
629
618
620
621
610
599
606
603
593
592
599
593
583
586
584
573
566
573
570
562
566
573
565
559
567
567
559
558
568
562
556
564
566
557
551
559
554
544
549
555
549
543
551
551
540
539
545
541
533
541
546
541
544
562
572
579
630
646
667
701
727
744
766
794
807
814
832
844
842
843
855
855
845
845
850
837
828
832
830
816
810
814
804
789
793
789
781
774
780
774
762
762
765
754
742
742
736
719
712
713
702
688
688
687
677
668
674
670
658
660
666
661
653
661
663
654
655
662
662
654
663
669
663
658
666
664
653
655
659
651
644
651
650
638
635
641
633
621
624
625
615
607
614
609
600
598
593
585
590
591
582
581
589
584
574
579
582
572
566
573
571
561
563
569
560
552
557
558
548
546
555
551
543
549
553
545
540
547
544
533
534
540
533
524
532
532
523
519
525
522
510
514
519
512
508
519
523
520
532
551
561
574
605
632
650
676
714
737
755
782
807
818
829
851
861
857
863
873
865
856
861
857
845
837
843
832
819
820
821
809
799
805
801
786
781
787
776
764
769
766
751
743
747
738
723
721
723
711
703
709
705
692
691
697
688
678
683
684
673
669
677
672
663
667
673
666
661
670
668
658
658
665
657
648
654
653
644
638
644
638
624
626
630
619
610
614
613
600
598
604
595
584
591
591
579
573
579
576
565
569
575
568
561
568
567
556
556
562
556
547
554
557
549
546
554
551
540
544
548
539
531
537
535
523
521
526
516
504
509
509
500
494
502
497
486
488
489
479
470
474
472
460
458
466
463
460
475
488
495
511
541
562
579
607
638
653
667
694
710
713
726
742
744
740
752
754
744
737
742
732
718
716
715
702
689
693
688
673
667
670
663
649
653
651
638
629
633
622
607
603
603
590
580
585
583
571
569
576
571
562
569
575
570
570
585
585
580
586
596
590
586
597
598
591
592
598
591
598
600
594
589
599
597
585
589
594
586
576
583
579
569
566
574
567
558
566
570
562
559
568
567
558
561
570
564
556
566
565
557
554
563
556
543
548
550
541
537
545
542
532
533
540
533
525
534
535
528
530
543
542
542
559
576
584
597
629
649
665
692
722
738
752
779
794
799
808
825
825
820
829
833
822
815
819
814
800
797
801
790
780
784
782
768
762
766
758
747
750
751
740
732
736
730
714
707
707
694
679
681
677
663
660
666
659
649
655
661
654
652
663
665
659
666
675
674
670
681
685
677
678
686
683
672
675
676
664
655
660
653
639
638
641
633
624
630
630
620
618
628
627
619
630
639
636
639
656
662
662
672
687
691
692
706
712
708
707
716
712
700
701
700
685
671
671
660
641
633
631
615
598
597
593
580
574
580
574
565
569
575
569
566
578
580
575
581
593
592
588
598
596
597
608
605
598
603
608
600
596
599
589
590
597
589
583
590
592
582
578
585
582
572
577
581
573
568
576
574
565
565
571
566
559
568
572
563
560
569
564
554
557
560
551
544
551
550
540
539
547
539
530
536
538
530
528
539
537
530
535
538
534
528
538
539
534
537
550
546
541
551
554
547
544
555
551
542
547
552
546
539
546
542
533
532
540
536
532
542
547
540
539
550
545
537
541
547
543
539
550
551
544
546
553
549
545
559
575
586
609
647
680
708
752
795
827
856
895
922
936
953
975
977
975
987
989
978
972
973
966
950
947
945
930
915
917
910
895
890
891
884
871
876
874
862
854
851
835
834
833
820
804
805
798
782
776
775
764
751
756
754
743
737
744
741
729
733
738
733
726
736
738
731
732
742
739
730
739
740
733
728
736
733
723
724
726
717
708
713
709
698
694
700
692
684
688
689
679
673
680
674
664
662
665
656
647
653
649
637
636
641
634
625
630
632
625
622
629
626
617
617
623
615
609
616
616
608
608
615
613
604
610
614
608
605
612
610
600
607
600
593
601
599
589
586
591
586
575
581
585
581
584
604
617
627
652
683
702
723
760
788
806
828
856
868
871
886
896
894
892
902
901
890
889
891
878
865
865
860
846
840
843
834
821
823
822
810
800
803
796
784
783
785
776
761
765
760
742
733
734
724
713
717
717
708
701
709
706
693
695
700
695
688
698
699
693
691
702
696
688
694
699
692
688
698
697
687
687
690
681
671
677
675
663
660
664
657
647
651
650
639
632
638
635
623
625
629
622
613
619
617
606
600
605
596
584
585
587
576
570
576
573
563
563
568
562
553
558
561
553
551
559
555
545
550
553
545
537
545
541
530
531
538
531
523
531
531
521
517
527
523
513
517
519
510
502
508
504
494
494
500
492
485
492
497
495
502
525
539
553
583
614
637
662
699
722
736
757
782
791
795
810
817
813
810
818
813
800
800
801
788
777
781
774
759
756
758
747
734
736
732
720
710
715
706
693
690
691
679
670
677
673
661
662
668
661
654
660
663
656
655
667
667
664
671
681
678
676
687
689
682
684
693
688
682
688
690
680
672
678
670
660
663
666
658
648
655
651
638
637
641
632
623
628
629
621
617
627
622
613
616
619
614
607
617
617
608
609
616
609
601
607
608
599
597
604
600
593
595
601
593
586
594
594
586
585
595
589
580
587
587
579
574
583
580
571
578
587
587
591
611
626
637
659
689
708
726
755
782
796
811
836
847
849
860
869
865
859
866
864
851
848
850
840
828
831
828
817
809
813
807
796
798
801
791
781
786
779
764
759
760
749
735
735
732
717
709
712
709
699
702
705
699
693
703
702
695
695
702
697
690
699
704
700
701
714
716
709
717
722
718
713
722
721
711
710
716
708
697
699
698
686
679
684
680
670
672
675
669
659
666
665
655
651
660
653
645
652
651
643
637
644
639
629
630
633
625
616
622
617
603
599
596
586
592
594
588
584
593
591
584
587
595
591
587
600
606
607
619
642
656
669
697
724
740
759
791
809
818
836
856
861
864
878
885
881
885
892
885
875
878
877
865
863
846
846
847
839
828
834
833
822
821
825
818
805
807
806
791
781
782
772
757
752
752
739
726
728
723
710
705
710
702
692
698
700
693
687
699
697
690
695
704
699
696
706
709
700
698
704
697
686
689
689
680
673
679
671
660
658
660
651
641
647
645
635
630
636
630
620
624
625
616
610
618
616
606
609
613
605
598
604
603
593
594
599
592
596
600
591
588
594
591
581
583
589
583
577
584
586
576
573
580
575
567
573
575
567
562
571
567
558
558
563
556
549
557
558
551
550
558
553
542
545
547
539
535
545
544
540
546
561
564
571
596
617
633
656
691
714
731
761
788
800
814
838
849
851
863
875
874
868
873
871
852
854
846
833
835
835
823
816
821
814
802
801
803
797
785
790
788
774
768
768
755
738
735
731
714
701
705
696
682
679
680
671
660
664
664
656
653
663
660
653
660
666
660
657
667
666
657
659
666
657
650
655
654
644
640
646
640
631
632
633
620
611
615
609
598
597
600
593
585
591
589
579
576
582
575
565
569
570
562
554
562
557
546
546
551
544
537
545
545
539
535
545
540
531
536
540
532
527
534
532
521
520
525
516
507
511
511
502
501
510
506
497
502
506
497
493
500
497
487
488
492
485
477
481
480
471
468
476
472
465
471
475
469
464
474
471
464
466
474
468
461
468
468
460
459
467
463
456
464
474
477
483
508
526
540
568
601
621
642
676
703
718
736
761
771
775
786
798
793
787
795
792
779
776
779
767
755
756
753
741
736
739
733
722
725
727
719
708
715
708
692
689
689
677
664
665
661
648
638
643
637
626
628
632
625
621
630
630
623
626
633
632
626
636
641
637
638
649
648
639
643
648
639
631
638
635
624
624
630
622
612
616
614
603
597
603
597
586
589
591
584
576
584
582
571
572
577
570
563
570
570
562
559
564
559
551
553
558
552
548
558
557
549
551
558
553
544
551
554
548
546
555
553
545
549
555
547
542
550
550
541
541
547
540
530
537
537
528
525
534
532
524
529
533
528
523
531
532
525
528
538
537
533
547
557
562
575
601
618
636
663
697
716
736
767
788
798
815
836
846
848
864
871
867
865
873
868
853
854
853
841
832
836
832
819
815
818
805
793
796
792
781
774
779
772
761
758
757
746
733
735
730
716
710
712
702
690
692
690
677
674
681
677
670
672
679
674
670
678
678
672
674
682
678
672
681
681
675
670
677
673
665
666
671
663
657
664
664
654
654
657
653
643
647
647
637
632
638
632
621
624
626
618
612
619
617
609
608
614
611
603
610
612
604
601
608
604
595
599
603
595
589
597
595
587
588
594
590
583
591
594
586
586
592
590
580
581
585
578
571
578
577
569
570
578
573
565
571
572
561
556
560
556
544
544
548
540
531
539
537
529
530
538
535
531
539
544
540
543
559
566
572
593
618
638
660
696
726
746
773
805
823
833
855
871
874
879
893
895
888
893
896
888
877
881
879
863
860
863
854
844
845
841
832
825
828
821
809
808
807
796
785
788
781
766
760
761
749
736
737
735
725
717
721
717
704
705
708
699
692
699
700
692
694
702
699
692
700
705
699
698
707
705
695
697
701
693
683
686
685
673
670
673
664
653
657
656
648
641
648
644
633
635
639
633
627
635
634
626
621
628
620
612
616
618
610
606
613
611
605
606
600
593
600
600
592
592
598
593
584
588
589
581
576
583
581
574
577
581
576
569
575
574
565
563
571
566
557
563
563
554
548
556
552
544
548
553
547
541
547
545
535
532
536
532
523
530
532
526
523
531
528
520
522
525
519
513
520
521
511
511
520
522
522
540
560
574
597
630
658
681
712
744
765
783
812
831
839
849
865
868
864
868
869
859
848
853
844
829
825
824
811
799
800
794
782
776
782
773
762
764
762
751
745
746
738
725
720
719
708
696
697
692
677
671
674
664
654
654
657
647
643
650
649
642
646
652
650
645
654
655
648
647
657
652
644
646
643
631
623
625
621
609
608
609
599
586
589
585
573
570
579
574
564
566
566
556
548
552
546
535
536
540
534
525
530
529
519
514
521
516
506
510
512
503
498
504
500
491
492
496
491
484
490
488
478
474
479
474
466
472
474
469
465
471
467
459
458
462
454
447
455
457
449
448
453
449
441
442
446
439
436
445
444
435
437
441
435
428
435
437
430
430
437
432
423
427
432
426
427
443
454
464
488
517
539
561
597
627
648
675
709
727
737
755
770
769
769
783
785
781
781
786
775
763
762
754
737
728
731
722
715
716
714
703
690
691
684
671
667
670
660
651
653
648
628
618
615
605
593
598
598
596
605
601
591
589
594
591
588
601
608
610
611
620
617
608
611
614
608
605
616
618
611
611
613
601
588
591
589
580
580
590
587
580
583
582
573
566
570
568
560
563
570
565
558
563
561
551
547
555
551
544
550
552
547
540
545
542
532
533
540
537
533
543
546
540
537
545
540
534
538
542
539
534
544
540
534
533
536
526
516
520
521
514
511
516
512
504
506
512
508
506
517
520
517
524
536
541
549
572
595
610
635
671
697
718
749
776
791
805
828
838
842
852
864
862
857
865
865
857
854
853
845
844
846
835
826
828
822
809
806
806
799
789
790
789
778
772
774
769
754
753
754
740
732
732
726
714
711
713
706
696
702
701
694
691
697
695
688
694
700
697
694
704
708
703
703
712
706
700
706
708
698
696
702
695
685
686
687
680
673
679
676
666
666
669
662
653
656
656
646
641
648
644
634
636
639
632
627
633
633
624
625
632
627
620
627
627
620
616
622
619
610
615
619
615
609
617
615
608
608
614
610
605
612
616
609
608
615
612
605
608
611
605
600
607
607
599
598
603
598
591
596
598
590
589
597
596
592
617
626
638
667
691
712
741
776
800
818
849
870
881
894
913
920
919
925
931
925
919
922
918
906
901
901
891
878
876
874
862
854
859
851
841
841
842
834
823
826
823
808
803
802
791
779
778
775
763
752
755
749
736
738
739
731
722
728
726
717
715
723
718
712
718
720
714
712
718
716
710
711
714
709
703
707
706
696
694
698
692
682
683
684
673
668
672
666
655
655
657
649
643
646
642
633
629
635
628
620
623
625
617
614
622
617
610
612
616
610
604
611
610
604
605
609
604
596
603
594
591
598
595
589
590
595
590
585
592
593
586
588
595
591
586
591
591
583
579
585
581
575
576
581
576
568
575
573
564
563
571
567
564
576
588
593
605
632
651
669
699
733
756
779
811
833
845
863
881
888
887
897
903
898
893
898
894
880
875
872
861
848
849
844
831
824
826
819
806
807
803
795
788
792
786
776
774
772
760
748
746
738
723
717
717
708
697
697
695
686
681
685
682
673
675
681
678
673
683
683
677
676
684
681
675
680
682
674
670
674
669
658
660
662
654
645
649
647
635
631
631
624
612
615
615
607
603
609
608
599
600
605
596
591
593
595
585
582
587
582
571
574
576
568
565
570
570
563
567
572
566
561
566
565
556
550
557
550
542
545
548
541
538
544
544
536
538
544
539
532
538
536
528
526
530
524
514
518
517
510
504
508
504
495
497
502
501
505
522
539
550
570
625
644
675
701
717
734
759
775
778
791
803
802
798
803
802
791
785
787
779
764
762
759
746
736
736
728
715
712
714
705
695
699
698
683
680
681
673
661
657
657
647
638
641
633
624
622
626
622
617
625
628
624
627
637
637
634
643
650
648
647
658
659
651
654
658
652
645
648
646
636
632
634
626
617
615
614
606
600
604
599
591
590
594
588
577
585
584
576
574
579
574
568
572
575
567
561
567
565
557
559
562
556
549
555
554
548
545
553
551
545
550
555
549
547
555
555
548
548
554
550
542
547
545
539
536
543
539
533
537
544
542
549
567
582
593
615
643
663
683
715
740
759
779
806
821
827
843
855
857
856
864
867
857
861
855
845
848
846
835
830
834
827
817
818
819
810
803
809
804
797
793
798
789
780
783
777
766
760
760
753
740
741
740
732
724
729
726
718
717
722
716
711
716
719
714
716
728
729
726
730
736
730
725
730
726
716
715
716
707
698
699
697
686
681
684
678
668
669
670
664
657
661
658
648
645
651
644
637
643
643
634
630
634
628
617
619
617
609
608
606
597
597
596
591
595
598
591
590
596
593
586
589
592
587
581
589
588
583
582
587
580
573
578
581
575
573
582
583
582
594
610
620
634
663
687
706
733
767
789
808
835
868
881
901
904
905
913
921
914
909
915
910
898
895
897
888
878
880
876
867
860
864
859
849
847
849
839
831
836
831
817
813
812
801
788
786
782
768
763
764
757
747
748
748
737
730
734
733
724
723
728
722
716
721
723
716
714
723
720
713
718
721
717
710
715
713
703
698
703
694
685
688
686
676
672
674
667
657
656
658
651
644
648
647
638
637
641
635
626
630
631
625
624
632
629
624
627
630
623
616
624
623
616
617
623
619
612
617
618
610
605
612
611
604
609
615
610
604
611
609
601
600
605
603
595
605
599
595
600
596
587
587
590
584
578
583
581
572
570
573
567
560
564
565
560
559
569
571
571
588
606
620
639
675
704
726
757
790
812
829
853
873
880
889
905
911
907
913
916
909
901
903
896
884
880
882
874
866
868
867
859
852
852
844
844
846
836
826
828
820
806
798
797
785
770
769
763
750
742
743
735
724
724
726
719
712
719
719
712
713
720
717
711
718
722
716
715
721
720
711
713
717
708
702
707
705
695
692
697
689
678
680
679
669
662
665
659
650
650
653
645
638
646
643
635
635
639
633
625
630
631
623
621
626
624
613
616
618
612
605
611
611
604
610
603
596
596
593
600
597
589
593
594
589
581
588
588
579
580
586
582
574
578
580
571
567
574
572
564
566
570
564
558
564
562
554
552
557
553
545
549
550
541
537
542
540
533
535
540
538
533
545
552
553
565
590
607
624
657
689
709
735
768
790
804
827
848
857
861
875
881
875
876
882
876
866
869
865
854
841
840
830
816
811
810
801
790
793
789
778
770
771
762
749
748
745
731
721
720
711
693
687
686
672
659
664
661
652
649
655
650
640
646
646
642
639
649
649
643
648
654
649
642
648
649
640
639
644
638
630
632
632
621
614
616
611
599
598
600
590
581
584
580
568
564
566
561
550
554
555
545
541
547
544
535
532
537
532
524
530
529
520
519
526
522
515
520
521
514
508
514
509
499
501
506
500
494
501
501
494
492
500
495
490
496
500
495
492
499
498
489
490
496
488
482
490
487
482
480
485
481
471
475
476
469
465
474
475
468
472
482
483
485
506
523
538
560
593
617
636
668
697
713
729
754
767
773
786
797
797
795
803
801
790
785
789
780
768
766
764
753
743
745
736
724
719
721
709
698
701
695
682
672
673
663
649
649
648
639
635
640
640
631
633
638
633
629
638
641
637
638
651
648
643
651
656
650
648
658
658
649
651
655
646
638
642
640
632
629
634
630
621
624
624
618
610
616
610
599
599
604
596
587
592
588
578
571
575
568
560
564
567
560
556
563
560
551
551
555
551
546
554
555
547
545
553
547
539
545
547
542
536
547
545
538
540
547
541
534
538
539
530
529
538
532
526
529
533
527
526
539
546
551
571
597
615
633
666
695
711
732
762
782
792
816
835
839
846
860
865
860
865
873
870
862
867
866
855
848
851
840
827
828
829
818
812
817
811
800
798
799
789
779
780
774
762
755
757
746
733
731
728
716
707
711
708
698
697
705
699
693
701
704
698
700
711
710
706
712
717
710
706
714
712
704
706
710
704
695
698
698
685
680
684
677
666
670
669
661
654
660
655
646
647
651
644
637
644
644
635
633
640
634
625
629
632
625
621
629
628
620
622
626
620
614
620
621
614
613
619
616
608
611
614
606
601
608
606
596
598
605
599
592
598
601
592
591
600
597
591
597
601
597
598
615
627
635
657
688
709
730
764
792
811
832
872
881
896
911
914
915
927
928
920
922
925
917
910
914
911
903
898
903
895
886
886
889
882
876
883
881
870
869
871
860
849
848
844
830
823
827
818
805
804
804
792
784
787
782
773
773
778
771
763
769
771
761
760
767
763
757
764
767
759
754
761
759
747
746
749
740
732
735
733
723
717
721
714
703
703
704
696
688
693
688
677
676
679
671
663
667
664
657
655
661
658
648
650
653
645
639
647
646
637
639
644
639
631
636
634
626
624
631
625
618
622
625
617
611
616
613
603
606
599
592
598
597
590
587
593
592
584
589
593
589
584
591
588
578
575
578
571
563
568
568
560
557
564
559
552
557
558
554
552
564
570
574
590
612
629
646
680
710
731
758
793
815
830
855
873
881
887
902
906
903
905
911
905
896
898
893
880
873
874
865
851
849
848
835
827
828
822
810
806
808
799
788
790
787
775
767
771
762
748
746
745
736
727
731
727
717
713
716
709
701
705
707
700
699
708
706
699
708
713
708
702
710
711
702
704
709
703
694
696
696
684
677
683
676
666
668
671
660
653
657
652
641
640
643
638
628
635
635
627
624
632
627
618
621
626
620
614
621
618
607
605
609
598
591
596
596
589
587
593
589
582
586
589
582
576
584
584
578
578
584
578
570
574
574
566
563
571
566
559
560
564
556
549
556
555
548
550
559
556
550
557
560
552
547
555
550
543
547
550
545
540
548
546
533
534
540
533
528
536
543
545
557
581
597
613
644
673
696
720
753
777
792
811
835
842
842
857
863
857
856
862
855
843
841
837
824
813
814
808
794
790
791
781
771
770
767
756
747
751
743
729
727
726
713
703
704
697
685
684
688
681
673
678
678
669
665
670
668
659
664
670
664
662
670
671
664
665
673
667
661
666
668
660
656
661
655
645
646
646
638
628
634
631
620
618
619
615
605
609
608
600
595
597
590
593
595
589
584
592
591
584
585
591
587
577
580
579
568
562
566
559
548
549
551
544
535
542
539
530
529
535
530
522
528
530
523
520
528
526
517
518
523
518
513
522
522
514
515
521
515
506
511
514
507
505
513
514
512
522
539
546
561
588
612
633
658
692
715
732
760
781
790
803
822
831
829
841
849
846
840
845
840
829
820
820
811
795
795
790
776
765
765
754
742
738
738
728
722
726
724
715
713
717
710
703
709
713
711
715
730
734
732
740
749
745
742
751
752
747
747
752
746
738
741
740
730
725
729
724
714
716
717
708
700
706
703
693
689
694
686
677
680
679
669
663
667
662
653
654
660
651
647
650
648
638
634
637
629
620
623
625
615
611
618
616
608
611
615
611
606
616
616
610
610
615
611
605
611
611
606
603
611
611
603
605
609
596
601
594
593
600
596
589
594
596
591
585
593
591
585
588
594
589
582
590
588
577
577
583
577
571
577
578
571
567
575
572
562
566
571
565
562
569
575
576
587
609
623
639
668
700
721
749
786
811
828
852
876
886
897
913
924
921
926
935
930
920
924
921
909
898
902
892
880
879
878
867
857
852
841
836
838
829
818
819
816
805
795
796
787
774
771
772
761
753
754
751
740
734
738
730
720
726
727
718
716
725
720
714
716
722
717
711
721
722
714
714
721
716
708
712
714
706
701
710
706
696
695
694
684
673
676
670
658
655
660
654
643
647
648
639
634
638
635
626
626
630
624
618
625
624
615
613
622
618
613
619
623
617
614
620
618
609
611
617
611
608
615
616
609
607
614
611
608
612
606
604
610
609
600
601
605
598
590
597
596
589
588
596
592
583
586
589
579
573
580
576
566
570
575
570
563
570
569
561
559
565
560
551
556
559
552
548
557
560
560
575
597
611
626
657
683
703
727
757
776
790
815
832
839
847
862
866
861
864
870
862
854
855
850
837
827
827
814
798
795
790
775
766
768
763
750
747
749
737
727
727
720
707
699
699
689
677
676
675
663
656
662
657
647
649
652
648
640
647
650
642
643
653
652
649
658
662
659
656
667
664
657
657
662
656
648
654
652
643
639
644
637
625
627
628
621
615
621
619
611
611
616
611
609
608
600
599
606
601
594
598
597
590
585
593
589
580
584
588
581
574
580
580
573
570
576
576
569
574
579
571
568
573
570
562
563
568
561
557
564
565
558
555
560
556
548
552
555
546
542
547
545
535
535
540
534
529
537
541
541
547
566
576
586
612
638
659
682
719
745
765
791
817
833
842
860
873
873
878
890
889
883
886
888
877
871
875
867
857
853
855
845
835
837
831
821
813
816
807
797
797
796
784
777
776
769
754
750
749
740
731
735
733
724
721
726
722
713
719
722
719
718
726
727
722
726
730
726
720
726
731
723
723
730
728
720
723
724
716
708
712
706
698
698
699
692
682
685
685
673
670
675
669
660
662
663
654
647
653
648
639
638
641
633
628
633
633
625
621
629
626
619
622
626
621
616
625
623
616
618
623
617
612
617
619
613
611
619
615
607
610
611
604
599
607
605
595
597
603
597
590
596
597
589
589
599
601
603
623
639
654
673
707
734
754
785
819
842
884
902
911
918
936
939
935
943
950
944
940
945
943
930
925
926
917
906
907
904
894
889
893
886
877
877
877
867
859
863
857
843
839
837
823
809
803
799
783
776
778
767
757
758
758
751
742
748
746
737
740
746
742
736
745
747
740
737
747
743
737
741
744
738
731
737
735
723
721
725
717
707
710
709
698
692
696
689
679
681
682
675
666
673
669
659
658
658
655
645
651
652
643
640
648
645
636
639
642
634
628
638
636
627
627
633
628
620
625
627
620
617
625
621
615
616
620
612
606
613
611
609
603
597
604
606
597
594
603
600
592
594
600
595
589
597
597
591
592
601
598
612
623
628
642
668
685
702
731
760
780
799
833
854
869
887
908
914
918
930
935
931
928
934
929
916
914
913
902
890
891
884
870
867
871
863
855
857
847
841
842
833
819
817
813
799
786
787
779
764
758
760
749
738
741
739
728
723
729
724
717
719
722
716
710
718
717
710
712
718
714
705
712
715
706
701
708
702
690
692
692
681
675
679
675
667
666
670
663
654
659
657
649
642
648
643
634
636
637
630
623
627
623
614
611
615
608
606
607
598
594
600
598
590
594
598
592
588
594
594
586
582
587
580
573
577
577
569
564
571
566
557
558
559
551
544
549
546
537
535
537
529
521
524
523
516
512
520
517
508
510
513
508
505
518
525
531
547
575
592
609
638
663
678
696
722
735
741
757
772
774
774
782
781
771
768
768
760
748
749
745
733
724
723
713
699
696
693
683
673
677
672
659
654
655
643
630
630
626
614
608
613
608
597
598
601
594
588
596
598
593
597
606
606
599
608
611
608
605
618
619
614
620
625
621
612
618
615
603
607
595
600
600
592
586
594
587
577
580
583
576
571
577
577
567
566
572
568
562
566
570
564
562
569
565
557
558
563
556
550
558
558
550
550
557
552
544
549
551
544
540
550
547
540
543
547
541
534
542
543
537
541
550
551
550
563
576
582
595
621
639
654
682
712
730
748
775
792
801
813
833
838
839
849
857
853
848
856
851
837
837
838
829
819
823
817
807
800
803
792
779
780
780
769
760
765
756
743
739
736
725
712
714
709
699
694
699
690
680
684
685
677
674
684
684
680
685
693
689
684
692
693
687
687
694
690
684
688
690
682
676
682
677
668
668
673
667
659
664
663
654
652
658
653
646
648
650
641
637
642
637
626
627
632
624
616
623
623
614
612
618
611
604
609
611
604
599
608
604
596
599
603
596
590
597
598
591
592
599
595
588
593
593
585
581
590
589
582
585
594
592
593
607
619
627
643
673
692
708
739
766
785
804
832
850
859
877
897
901
904
916
919
913
911
915
910
899
900
900
890
881
887
880
868
865
868
859
850
857
853
844
841
843
835
822
823
820
807
794
796
788
772
767
766
753
742
745
740
731
729
735
731
722
728
731
723
719
727
725
720
721
728
723
717
724
725
717
714
720
713
702
706
705
696
689
693
688
676
672
677
667
657
661
657
647
642
646
640
631
634
635
627
621
629
625
616
618
620
612
604
608
606
597
595
601
598
591
595
599
592
587
595
593
585
586
592
586
579
584
584
574
570
576
572
562
569
573
565
560
567
563
553
555
558
554
547
554
555
547
544
550
547
538
542
547
542
538
549
552
551
562
581
593
610
642
670
692
722
759
785
803
831
854
866
876
897
902
902
909
916
909
903
906
902
891
885
885
877
867
864
863
852
843
846
842
829
828
830
821
809
811
804
792
783
783
774
760
758
756
745
735
740
733
721
718
721
713
704
709
710
701
701
708
706
699
706
711
708
705
713
711
699
699
706
698
689
695
694
683
679
682
673
662
664
663
654
646
651
646
632
630
633
624
615
620
619
612
607
612
608
597
599
598
589
583
590
589
580
580
587
580
570
575
575
566
564
570
565
559
559
560
550
541
546
544
535
536
542
538
534
541
543
533
531
538
534
527
531
533
526
519
526
521
511
510
518
509
504
510
513
504
503
510
506
499
502
506
498
494
501
499
493
493
497
493
485
492
495
490
496
514
524
532
558
585
605
627
665
692
712
740
768
785
796
818
829
831
835
847
845
838
841
840
830
820
822
815
799
793
793
781
768
769
765
750
743
746
736
724
721
720
707
695
695
688
673
669
670
658
649
651
651
642
638
645
641
633
637
640
636
629
638
639
631
633
641
636
631
639
642
634
633
638
635
625
626
628
621
614
621
618
607
606
609
600
588
594
594
585
583
587
582
572
573
573
565
557
564
563
553
555
562
556
550
556
556
547
545
554
549
543
549
551
544
537
544
542
534
536
543
538
532
537
539
528
524
529
527
519
525
530
525
518
525
521
513
511
517
512
507
516
521
519
527
545
556
566
591
620
638
661
694
719
735
758
784
797
805
826
840
841
844
856
854
846
848
848
841
829
832
827
810
804
805
793
781
781
778
767
759
763
754
741
743
743
732
722
724
717
701
695
694
685
672
675
674
665
660
666
661
652
654
658
653
648
658
661
654
657
666
663
658
665
669
663
659
666
661
652
651
654
647
637
642
642
632
630
636
629
620
626
625
614
609
614
608
597
597
597
588
578
585
581
571
569
575
570
563
569
570
562
558
564
562
553
554
559
552
546
554
554
546
546
554
549
541
549
551
542
540
547
544
535
537
540
535
530
538
537
530
530
538
535
531
542
552
558
571
598
618
636
668
700
721
741
774
795
809
828
848
859
863
875
884
880
879
887
884
875
873
873
861
851
852
845
828
820
821
810
798
799
796
784
776
777
768
756
753
752
741
730
730
724
713
706
708
698
687
690
689
680
676
682
679
671
672
679
672
670
678
681
676
678
687
683
675
680
680
673
668
672
668
659
660
663
655
648
652
650
639
639
641
637
628
629
628
619
612
616
609
597
596
597
590
580
585
583
575
573
580
574
566
573
575
567
565
573
570
562
566
568
562
555
563
563
554
554
559
555
547
549
551
542
539
545
544
537
540
545
541
534
541
540
530
531
535
529
519
531
544
553
566
587
597
607
630
664
690
714
748
773
787
806
824
830
828
844
856
855
856
865
860
851
850
849
836
825
824
818
806
798
797
786
773
773
768
755
745
750
744
735
733
732
721
708
707
700
685
679
680
672
663
665
666
657
651
657
653
643
646
649
644
638
648
651
643
645
652
648
642
647
652
645
639
647
642
631
629
630
621
611
614
611
599
603
596
586
588
589
579
572
579
573
565
567
571
562
554
558
556
545
544
551
548
542
549
553
547
544
551
549
541
544
548
544
538
545
544
534
532
539
533
526
531
537
531
528
535
532
527
532
544
548
555
580
599
615
637
669
689
706
735
760
774
788
812
822
825
832
842
840
833
838
835
824
820
824
817
803
802
802
791
782
785
780
768
766
767
757
746
745
738
724
717
718
708
698
697
697
688
682
689
685
679
681
690
686
683
692
696
690
691
702
700
694
701
706
701
697
704
702
693
693
695
687
679
683
682
670
668
674
667
659
660
662
654
648
655
652
641
639
642
634
625
628
627
617
616
620
616
608
611
613
605
609
609
600
600
604
598
591
597
596
590
589
595
591
583
588
592
585
581
589
591
588
599
615
626
636
664
686
701
725
758
777
794
820
842
852
862
880
887
883
888
895
891
884
888
888
879
874
876
866
855
853
853
842
834
838
833
821
818
819
807
794
794
788
773
766
768
758
746
745
744
733
725
732
727
719
719
724
718
709
716
716
707
705
711
709
703
710
713
707
702
709
706
697
697
703
695
689
694
694
685
680
685
680
670
672
674
665
658
664
660
649
647
649
640
631
635
634
624
621
628
622
613
616
620
610
606
614
613
605
606
611
607
598
604
606
597
597
605
601
594
598
601
595
590
598
597
587
590
600
603
606
626
644
655
674
703
722
737
763
789
804
817
840
855
859
870
881
882
878
886
884
878
872
876
864
852
849
846
833
823
824
817
807
803
806
796
785
786
781
767
758
759
746
732
729
727
715
703
705
698
686
683
686
679
670
674
675
664
662
669
667
660
666
672
669
668
673
675
668
668
673
662
654
656
654
642
636
639
631
619
621
622
613
605
613
610
599
598
596
588
592
595
585
581
588
584
574
578
581
574
568
576
574
567
566
571
565
558
563
564
557
551
561
557
548
551
552
545
538
546
543
534
534
540
534
524
529
528
518
513
519
516
507
510
514
509
506
518
523
526
540
563
579
594
624
650
667
691
721
741
753
772
790
796
801
814
819
811
813
818
809
797
797
794
783
774
777
769
757
755
755
745
737
740
735
723
720
721
711
699
699
694
680
672
677
669
658
657
660
653
648
654
655
647
648
657
655
649
657
661
655
654
663
661
652
656
661
654
647
653
651
642
639
645
638
629
633
633
623
618
623
619
608
609
612
604
597
599
591
589
597
592
584
589
592
583
580
589
586
579
581
587
580
572
581
579
571
571
579
575
568
575
578
568
567
575
570
561
563
568
561
555
560
559
550
549
555
550
543
552
560
557
565
585
596
605
628
654
671
689
721
743
757
778
804
813
820
838
846
845
847
857
855
846
848
851
841
832
834
828
816
810
813
805
794
798
797
787
779
785
776
765
764
765
753
739
740
733
718
709
710
700
688
690
690
681
674
679
673
662
663
667
661
657
666
668
663
667
675
670
662
666
668
657
649
652
645
631
628
628
613
603
606
601
591
589
596
590
581
585
586
577
572
579
574
567
570
576
571
563
571
571
562
562
570
566
560
567
570
565
563
572
569
561
564
569
564
557
565
565
557
556
563
560
554
560
566
560
558
567
562
553
553
557
547
539
545
544
535
536
544
540
532
539
541
534
531
543
544
544
556
577
589
603
636
663
683
711
744
767
783
808
830
836
844
862
867
861
869
878
872
864
872
869
854
857
849
837
840
837
828
821
825
820
808
806
807
797
786
789
783
770
762
763
752
735
734
731
718
710
712
705
695
695
700
694
686
695
696
690
691
700
695
688
695
696
688
684
692
689
680
682
686
678
668
670
667
655
648
651
645
634
637
637
625
617
623
616
604
603
607
597
590
595
593
583
579
586
579
571
576
578
571
566
574
572
562
564
568
562
554
564
564
558
554
562
557
550
554
556
548
543
551
546
536
537
542
536
528
536
536
528
528
538
539
535
548
564
571
585
613
631
645
672
702
718
732
759
777
784
796
815
817
814
825
830
823
818
825
819
808
807
806
797
787
789
785
773
767
771
760
746
745
740
726
716
718
707
692
685
683
669
654
654
648
635
627
630
622
610
614
616
609
605
615
616
611
617
626
622
618
628
630
623
621
630
624
615
619
622
613
608
614
611
601
601
608
600
592
597
596
586
582
588
584
573
578
581
574
570
578
576
567
568
574
569
560
569
566
557
554
560
556
547
551
554
547
544
552
551
543
548
555
552
545
556
559
555
559
576
584
586
610
633
645
660
692
712
724
747
772
783
789
807
816
817
817
830
824
816
819
820
810
799
801
792
777
773
772
761
747
748
741
728
719
718
706
692
687
685
670
660
663
657
643
639
642
632
625
631
632
623
624
634
633
630
639
647
643
641
652
652
646
648
653
648
640
646
644
634
630
634
629
618
621
622
613
607
614
610
601
600
605
597
588
594
593
583
580
587
579
572
576
580
574
570
578
577
569
570
576
571
564
571
571
563
561
570
565
558
563
567
561
554
563
562
553
556
563
557
552
560
563
561
567
588
601
610
637
665
683
705
740
764
781
806
835
847
855
874
887
886
887
896
892
882
885
886
875
870
873
866
855
851
851
841
831
835
834
824
817
823
814
800
800
796
783
772
774
766
752
747
747
735
722
724
720
708
703
709
705
695
698
701
693
685
693
693
684
686
694
689
684
692
694
686
682
690
685
677
681
684
674
667
671
665
653
649
654
645
638
645
643
634
630
635
628
617
620
620
613
606
613
612
603
604
607
600
594
599
601
590
590
597
592
583
586
588
582
576
584
583
576
578
586
581
573
581
584
574
572
581
576
566
569
572
561
555
561
557
545
546
552
546
538
544
545
537
535
543
543
540
554
572
583
598
634
662
688
723
764
793
816
852
878
894
910
934
942
943
954
964
958
956
963
960
951
949
951
940
927
928
925
911
903
906
895
879
876
871
856
841
841
830
812
803
800
784
767
764
758
740
730
730
723
710
711
711
699
690
696
690
679
679
687
681
674
683
687
678
678
685
680
671
674
677
668
661
667
662
649
645
647
635
623
627
623
611
605
609
601
591
594
596
588
581
588
587
578
574
580
573
563
567
565
555
552
559
553
545
549
552
544
539
544
542
532
531
536
529
522
527
530
521
521
528
524
516
522
526
520
514
522
521
511
510
512
504
494
500
500
490
488
495
490
479
481
484
476
468
475
476
471
476
489
495
503
528
550
567
591
627
653
673
703
729
741
753
775
783
786
794
806
805
798
805
804
790
782
783
772
756
754
752
738
725
725
716
698
689
687
675
659
656
652
635
627
627
619
605
601
592
585
593
591
583
584
589
584
576
583
586
579
578
588
585
579
584
589
583
577
585
586
578
580
588
582
574
580
578
569
563
570
564
556
557
561
554
547
554
551
541
542
548
542
535
542
545
537
534
541
538
528
533
538
532
527
536
537
529
530
537
532
526
534
538
532
532
541
539
530
534
538
531
524
532
530
521
522
527
521
510
515
519
511
512
528
535
542
564
591
608
626
662
688
709
734
767
783
795
818
833
836
840
853
854
845
849
853
843
831
834
826
809
802
802
787
774
774
773
761
755
758
748
733
729
727
712
698
701
695
683
676
678
667
652
651
648
635
629
635
630
621
623
627
619
610
617
616
608
610
621
618
613
621
624
617
612
619
615
604
608
615
609
611
607
596
592
597
590
580
586
588
579
575
582
576
566
565
569
561
555
564
563
555
553
558
551
540
545
545
536
535
542
541
533
538
542
535
527
536
536
529
529
539
534
525
531
531
522
518
526
524
516
522
531
527
525
541
551
556
574
603
622
640
675
706
724
747
778
796
805
824
845
850
853
868
872
864
865
868
863
850
853
852
838
829
832
823
808
805
805
796
784
789
784
771
766
768
757
741
741
736
720
708
710
699
683
680
677
668
657
661
659
650
649
658
653
647
655
660
654
653
662
662
656
661
668
663
658
665
664
654
652
659
654
645
649
650
640
635
641
635
624
625
628
620
611
617
616
604
608
601
591
597
597
588
584
589
586
576
579
582
574
567
573
573
566
564
572
568
560
568
571
565
560
569
568
558
561
564
557
549
556
553
544
541
548
542
532
535
537
529
523
532
528
518
520
526
520
512
520
521
512
512
524
525
525
543
561
574
594
630
656
680
714
750
773
790
821
840
849
860
879
883
881
891
895
887
878
883
875
860
856
844
830
832
826
810
801
803
791
776
774
774
759
747
749
740
722
718
718
704
690
692
688
674
671
674
668
658
662
664
655
650
658
656
649
651
658
653
645
653
654
645
644
653
647
640
645
647
639
632
639
634
622
621
624
615
605
609
607
594
590
597
590
578
583
584
574
568
575
571
562
562
567
561
554
561
562
553
550
560
554
545
551
553
545
541
548
545
536
539
545
538
531
538
538
530
528
537
530
522
526
530
521
515
523
520
509
510
516
507
500
505
507
498
495
504
501
491
496
500
492
487
495
492
483
485
493
490
489
508
522
533
555
590
615
637
673
705
724
744
774
792
799
814
830
833
831
842
843
836
832
837
830
819
817
815
801
790
792
783
766
762
763
751
736
739
734
720
713
714
702
686
685
682
671
660
665
660
648
647
652
645
637
645
647
639
639
648
647
639
643
648
641
638
647
646
638
641
648
642
633
638
639
628
625
631
625
614
618
618
607
599
604
600
588
588
591
581
573
578
577
566
562
567
561
553
555
559
550
544
552
549
541
541
547
542
536
543
544
537
533
542
538
530
535
541
535
531
540
538
528
530
536
530
519
527
526
515
513
519
513
504
509
513
507
504
516
521
521
536
560
575
592
625
654
674
700
734
755
772
798
821
831
839
867
864
870
879
875
866
873
873
863
855
862
852
838
839
838
825
815
820
813
801
798
798
787
776
777
772
758
750
752
744
731
729
731
720
715
721
718
708
709
718
711
704
715
716
709
709
720
716
710
716
722
713
709
717
714
701
700
706
699
688
694
693
682
676
682
676
664
667
669
659
651
658
654
644
641
646
637
626
631
631
620
617
624
621
612
616
621
613
608
616
613
605
605
613
605
598
605
604
594
591
599
594
586
590
597
588
584
592
589
580
578
587
581
571
579
577
568
564
571
566
556
559
564
558
554
565
569
568
582
605
622
639
672
704
727
753
790
813
828
853
876
884
890
909
915
910
913
922
914
904
909
907
895
888
893
882
866
864
861
848
839
838
834
821
816
818
806
791
792
787
772
763
765
758
745
745
745
734
724
729
725
714
713
720
713
706
713
716
707
706
714
713
706
713
722
717
715
724
725
716
715
724
716
709
713
715
705
701
704
699
688
688
691
683
676
683
681
670
669
674
666
654
658
659
649
644
652
648
636
639
641
631
623
630
625
617
617
623
617
609
616
620
614
614
627
629
626
637
646
646
643
656
659
652
655
664
659
652
660
663
656
653
659
657
647
648
653
643
635
640
636
622
617
620
612
601
605
607
598
597
610
615
615
634
655
670
689
723
749
767
793
823
839
848
868
883
884
889
905
903
898
902
907
898
891
894
891
879
874
876
868
855
856
855
843
835
840
836
824
827
828
818
806
809
803
789
783
785
774
760
762
756
744
735
739
730
718
717
720
711
704
710
710
700
701
708
703
696
702
704
694
689
696
691
680
680
683
672
662
666
661
648
646
648
640
630
633
632
622
616
622
618
609
611
614
606
598
604
590
588
593
587
575
580
581
570
565
571
566
554
558
562
555
548
556
555
548
546
553
547
539
544
546
537
534
541
537
526
527
529
520
510
516
514
502
501
508
501
491
495
496
486
481
486
483
476
481
493
494
500
523
540
553
576
608
626
644
675
701
714
727
750
761
763
774
784
782
779
788
787
775
771
775
765
750
750
746
733
723
724
714
700
695
692
679
666
666
659
642
636
637
627
614
615
614
605
598
606
601
594
595
599
595
589
598
599
592
591
597
589
595
597
588
582
588
582
571
570
573
563
552
558
553
540
535
538
530
520
523
524
514
510
516
513
503
505
511
504
498
507
508
500
502
509
506
499
503
509
502
501
508
507
500
504
510
505
499
508
508
501
502
510
509
503
509
512
505
503
511
510
502
505
510
505
499
506
507
499
501
508
508
505
514
524
528
539
563
581
597
625
657
681
700
737
761
778
799
823
834
841
855
866
866
868
877
877
867
866
866
855
843
845
838
826
819
819
810
799
799
797
787
778
782
774
762
759
756
744
731
730
723
710
704
707
700
690
693
695
686
682
690
691
686
693
703
704
704
716
722
720
724
738
736
732
741
745
740
736
744
739
730
730
735
729
722
729
730
721
719
726
721
711
714
715
705
699
704
699
687
683
684
674
663
667
664
654
652
658
653
642
646
649
640
634
640
637
629
631
634
626
618
624
624
615
613
619
615
607
612
613
605
609
606
597
599
603
598
591
599
599
587
585
590
584
576
582
584
579
577
588
592
593
607
628
642
658
691
719
738
763
798
818
833
877
886
894
910
917
913
919
926
918
908
910
905
893
883
884
873
859
856
854
839
828
828
821
808
804
803
794
784
787
784
770
762
762
751
738
736
735
725
718
722
719
710
708
711
703
696
702
703
694
693
701
697
693
698
703
698
695
705
703
696
698
701
694
685
687
685
673
669
673
665
655
656
656
646
639
643
637
627
627
629
622
610
613
609
596
591
593
588
579
583
586
577
571
576
572
560
559
560
552
542
546
545
536
533
539
533
522
525
527
519
514
521
519
510
512
518
510
503
509
509
502
499
506
501
493
497
501
495
491
498
497
491
492
499
491
484
487
484
473
469
473
468
460
463
466
463
462
478
487
494
513
539
558
577
608
633
651
673
701
718
729
748
763
766
771
784
784
777
776
779
771
761
762
755
745
736
736
729
714
714
711
702
695
697
693
682
680
679
668
656
654
648
635
628
630
622
610
609
611
601
595
600
599
591
593
598
596
590
595
597
590
592
600
600
596
603
609
607
605
614
616
609
612
619
614
608
614
615
606
601
607
593
595
598
589
584
590
589
577
576
580
573
565
568
568
558
555
561
554
544
547
549
542
535
543
543
534
536
540
534
527
533
534
527
525
533
530
523
526
531
522
518
525
525
518
520
528
523
518
524
525
515
512
521
518
509
513
515
510
502
509
507
497
498
503
500
493
503
507
504
510
529
541
550
575
603
621
643
678
703
719
740
766
779
785
806
816
817
819
830
828
819
820
820
809
797
801
791
776
773
771
759
745
745
740
726
719
720
712
700
699
696
683
670
672
666
653
650
653
646
636
640
640
631
627
633
629
620
626
630
625
622
632
632
625
628
637
634
629
637
639
631
628
635
629
620
621
622
613
607
611
608
596
593
598
588
578
581
580
571
567
574
571
563
566
571
562
557
563
561
554
554
561
555
547
554
556
548
548
554
551
543
546
550
545
539
546
544
536
535
540
536
528
536
536
528
526
533
531
523
526
529
521
515
521
519
510
511
520
518
516
530
543
552
568
598
619
640
671
703
724
743
776
798
808
824
844
850
852
861
867
859
855
861
853
840
841
839
827
816
818
810
796
792
794
783
771
772
771
758
751
753
745
730
729
726
713
703
704
698
684
680
682
673
663
667
666
659
657
667
664
659
664
671
667
663
675
676
670
672
679
674
667
672
672
664
659
666
661
652
654
656
646
639
643
640
629
627
631
627
617
624
623
615
611
617
612
601
604
607
598
593
599
596
588
587
594
589
582
589
591
583
583
590
584
575
576
580
574
568
576
576
568
569
577
572
564
571
574
565
563
573
568
560
561
564
557
550
556
555
546
547
553
548
542
549
551
544
543
557
561
564
582
606
622
640
672
699
719
749
782
801
819
847
866
873
882
897
900
895
899
904
897
891
894
890
877
872
872
861
847
849
845
834
827
832
824
811
810
809
797
786
790
782
768
762
762
751
736
737
732
720
712
717
712
702
702
703
694
688
694
692
684
685
692
688
682
688
688
681
676
684
678
671
672
676
668
660
666
662
651
646
650
641
632
636
637
628
623
630
624
615
617
621
613
608
614
614
603
603
608
601
592
596
596
587
583
590
585
573
574
575
568
558
566
565
556
558
565
560
553
558
559
550
547
553
550
540
542
544
538
532
540
539
532
531
539
534
526
531
532
522
518
523
516
506
507
512
504
496
504
504
495
495
502
501
499
516
530
540
558
591
615
636
667
699
717
736
766
783
791
802
819
821
818
825
827
817
812
815
809
795
792
791
776
764
764
756
743
739
739
732
723
723
724
709
703
707
697
683
679
678
666
655
656
649
638
634
638
630
620
626
628
620
620
629
629
623
629
636
632
629
638
639
632
632
637
631
620
624
623
613
606
611
607
595
595
598
588
579
582
576
567
566
570
564
555
560
561
551
547
553
549
539
540
543
536
528
534
532
521
519
526
521
512
519
522
514
512
520
517
510
513
518
512
506
513
514
504
504
511
505
497
502
505
496
493
498
496
486
487
489
480
471
476
476
468
468
479
479
479
498
515
526
546
577
599
619
647
678
694
709
735
750
755
764
779
780
777
785
787
775
768
768
759
745
741
740
729
717
721
716
701
693
697
687
676
676
674
661
653
654
646
630
629
626
616
605
611
610
599
598
606
595
606
613
615
611
615
623
618
611
620
620
612
612
620
615
607
611
611
599
593
599
593
582
585
589
581
573
577
575
564
563
569
564
555
560
562
554
549
555
551
543
546
553
548
543
552
550
541
541
545
540
531
536
538
531
529
538
534
526
530
535
528
524
533
533
525
525
530
525
517
521
523
511
509
517
512
505
508
514
508
504
514
518
518
527
547
560
574
603
630
648
673
710
734
752
778
806
817
826
846
856
854
859
869
864
854
859
859
847
839
842
835
822
819
820
810
800
803
800
788
784
788
778
768
769
769
754
745
747
738
724
720
719
706
694
697
692
680
676
681
675
665
669
670
663
659
669
667
659
665
672
668
664
672
672
665
663
669
664
652
657
658
648
642
649
643
631
630
632
623
616
622
621
610
608
612
605
594
598
599
588
583
591
587
577
577
580
573
565
570
571
561
563
571
566
558
563
566
558
555
561
558
550
554
559
551
546
551
550
543
542
548
545
538
542
544
535
531
538
534
524
528
533
527
522
530
529
520
519
527
526
522
536
551
559
574
607
627
645
676
710
730
751
783
807
820
836
857
865
866
878
883
882
878
886
882
870
868
869
856
843
845
839
825
820
823
814
802
803
801
788
779
783
775
758
755
755
743
730
730
722
710
704
705
697
686
689
690
680
674
680
675
665
667
673
669
662
670
670
664
662
668
664
655
660
661
651
647
654
649
637
636
638
628
619
624
621
611
609
612
605
593
596
596
584
578
583
578
568
570
572
566
559
565
564
555
555
562
557
548
555
558
550
545
552
548
539
539
544
537
530
536
536
527
526
533
528
519
524
526
520
515
525
520
512
513
519
512
507
514
514
506
507
513
509
501
506
509
499
494
501
498
487
487
492
485
479
486
484
477
478
484
480
473
480
488
488
496
518
536
549
577
608
630
650
686
710
726
748
774
787
793
811
823
822
825
833
831
823
824
827
816
803
805
798
783
776
777
768
755
758
758
749
740
746
738
727
723
724
711
701
702
695
682
675
677
669
657
659
660
651
645
652
650
642
644
650
646
643
652
657
652
654
665
661
655
661
663
655
651
655
650
641
641
643
635
627
632
632
620
617
622
616
606
610
610
601
594
601
596
586
587
591
584
577
583
584
575
573
579
575
566
571
573
567
564
574
573
566
569
575
568
563
571
570
562
562
569
566
557
562
565
558
555
564
561
554
557
561
555
547
553
552
543
539
547
542
534
540
542
534
529
536
532
524
527
536
536
540
561
578
590
611
642
663
681
711
736
752
768
794
809
813
825
839
837
834
841
842
832
827
831
822
811
809
807
794
784
786
780
766
762
762
752
740
743
736
722
714
718
707
696
696
696
685
676
682
678
668
671
676
672
667
676
677
671
674
681
681
674
682
688
684
682
690
688
678
677
682
672
663
667
667
654
651
657
651
640
641
643
633
625
631
626
615
617
620
611
608
606
597
595
597
588
593
594
587
582
588
584
574
575
581
575
568
574
573
564
562
571
566
560
567
572
567
564
573
568
558
559
562
555
547
552
550
540
536
541
535
526
530
533
527
525
537
540
543
557
579
592
606
637
664
681
708
740
761
775
801
820
827
834
851
855
853
857
863
857
848
852
849
838
832
836
829
817
820
820
810
801
805
799
785
783
783
776
765
769
765
748
742
744
732
719
719
717
705
698
703
698
687
686
688
681
675
682
684
680
680
690
687
681
687
692
687
683
692
693
685
686
691
684
674
679
676
665
661
666
658
648
647
648
638
631
636
632
620
621
626
619
611
617
617
608
607
612
608
600
605
607
599
593
600
597
587
589
592
585
578
583
583
575
571
577
573
565
572
576
570
566
575
574
565
567
573
567
560
570
571
562
561
567
561
550
554
555
548
543
552
552
544
549
561
564
569
592
612
627
650
686
709
729
760
790
806
823
849
862
867
878
891
890
885
894
895
888
883
888
880
868
866
864
849
838
839
831
816
811
812
802
789
791
786
774
767
770
760
744
743
738
725
714
716
708
695
692
694
686
675
679
677
665
662
669
663
655
659
662
655
650
658
658
649
651
657
653
645
651
652
641
638
644
633
624
627
627
619
613
620
617
608
609
612
606
596
601
600
590
586
591
584
573
575
576
566
560
566
565
557
560
565
559
551
558
557
548
546
553
549
541
544
547
540
532
540
535
526
525
530
523
515
523
522
512
508
514
511
503
508
513
506
501
510
508
498
500
504
499
491
496
496
486
485
492
485
477
481
486
484
488
508
523
534
558
589
608
629
662
688
704
730
760
775
785
805
818
819
822
833
831
823
821
825
812
800
801
795
781
773
775
767
753
755
752
741
731
735
727
714
711
712
701
689
691
686
673
665
667
659
647
650
650
643
638
646
644
636
639
646
644
636
648
653
648
648
658
654
646
650
652
644
639
643
640
628
627
631
623
613
617
615
603
599
605
599
586
593
594
586
580
587
586
577
578
583
578
569
575
574
565
559
563
560
551
557
559
551
549
557
555
547
548
555
548
543
550
549
541
541
548
544
536
540
545
538
535
543
540
533
535
539
532
525
529
528
520
517
525
520
512
516
518
510
508
517
522
520
533
550
562
574
626
644
668
701
720
735
759
780
790
797
814
818
816
819
827
821
814
817
815
800
795
794
784
770
769
765
754
743
747
739
726
722
722
709
696
696
693
678
670
670
660
645
647
648
641
634
642
639
632
634
641
634
630
638
641
635
636
647
645
641
646
650
641
636
641
639
629
629
634
627
618
624
622
612
609
614
609
600
604
605
598
590
597
592
583
582
585
578
572
577
576
566
565
572
567
560
562
564
559
554
562
561
552
554
560
553
546
552
554
546
547
555
553
547
552
557
550
547
555
555
546
549
557
551
544
551
551
541
539
547
544
535
539
543
538
534
546
552
553
568
592
607
625
657
685
705
730
762
782
796
820
842
850
857
875
882
878
881
887
879
870
873
871
859
852
855
847
833
831
830
817
809
813
808
795
792
795
785
771
773
767
750
742
739
732
717
714
713
699
689
693
687
677
675
680
675
669
676
676
668
666
674
671
663
669
673
667
663
672
670
662
663
669
660
652
658
656
648
642
647
640
629
628
627
616
609
613
611
598
597
594
588
593
594
587
586
596
593
585
592
595
589
584
591
590
584
587
595
589
582
589
590
581
579
586
582
574
579
583
576
570
578
575
567
