603
607
618
616
610
619
625
620
616
629
628
622
628
638
635
633
642
643
637
640
649
642
630
632
630
619
614
621
618
610
614
621
616
610
619
622
619
627
645
655
665
690
713
724
739
763
776
781
791
804
802
798
808
807
796
793
795
784
770
771
768
755
746
748
741
725
723
721
709
694
695
689
675
672
676
670
659
664
667
661
657
669
668
664
669
679
675
672
681
682
676
676
684
680
672
676
681
674
670
680
677
670
672
677
671
663
668
668
657
655
663
658
651
657
661
654
652
664
666
662
675
695
706
717
743
762
774
791
813
820
823
836
846
841
838
843
837
826
823
823
810
796
796
789
775
769
772
759
747
747
746
732
724
727
718
706
702
705
696
690
701
706
704
708
722
721
721
733
742
741
742
756
759
756
764
774
774
769
781
781
776
773
781
776
767
771
771
761
755
763
760
750
749
753
743
735
740
737
726
725
733
733
734
752
772
785
798
825
841
848
865
881
883
882
891
892
882
876
881
869
855
854
850
837
826
829
822
807
804
804
792
778
778
772
756
747
748
736
720
721
720
710
704
714
712
706
710
719
714
708
717
718
711
709
719
716
709
715
721
715
711
719
718
711
713
720
712
703
707
705
696
690
697
690
680
684
687
680
676
685
687
679
683
693
696
700
723
739
747
764
790
800
807
825
839
838
841
850
850
842
843
851
842
834
838
836
822
812
812
801
787
784
782
769
758
761
753
740
734
736
723
713
713
711
699
696
703
700
695
700
705
697
694
702
701
695
695
703
700
692
700
704
698
696
706
705
698
703
705
698
691
694
689
673
670
674
666
658
662
663
656
652
660
655
647
651
658
656
658
679
694
702
724
751
765
777
800
815
818
823
837
836
828
831
832
822
812
814
808
791
789
790
780
768
769
767
755
747
752
743
729
730
728
717
707
709
704
692
690
696
691
685
694
697
692
690
701
700
695
700
710
705
704
714
717
711
713
721
717
709
716
715
708
704
711
707
700
702
706
700
692
700
698
689
690
696
690
684
690
697
694
699
720
732
740
763
787
800
812
836
850
852
861
872
869
863
866
863
852
843
844
834
821
817
816
803
793
797
792
781
778
782
773
763
768
768
757
749
753
748
737
736
736
729
719
723
720
710
710
719
718
714
727
734
733
737
747
748
742
745
748
741
731
735
730
721
715
720
715
706
712
715
710
706
717
712
704
706
712
707
701
710
713
712
722
742
755
766
791
814
825
839
865
875
878
886
898
893
887
892
887
875
867
870
843
841
838
824
816
822
819
808
808
809
798
788
791
783
769
759
757
744
728
728
725
713
707
714
712
704
709
718
715
713
724
728
723
727
735
731
725
729
731
722
718
726
724
716
719
726
721
716
726
727
722
722
733
728
722
729
733
725
717
725
718
705
706
711
706
707
727
743
752
773
803
819
833
854
873
876
881
893
893
887
889
893
882
874
879
875
863
859
864
856
846
848
846
835
826
831
824
810
807
806
794
780
780
771
757
749
751
742
729
732
731
722
718
724
723
713
717
722
716
710
718
716
706
705
710
704
694
698
701
693
690
699
697
688
691
697
690
682
687
687
675
671
676
668
657
661
665
655
649
657
653
646
650
660
661
667
688
705
715
732
759
771
781
800
815
815
815
828
826
818
816
820
808
796
797
789
773
763
763
752
737
739
740
732
724
737
735
727
728
735
725
714
716
710
695
686
687
677
664
665
664
655
649
657
655
647
649
657
651
644
650
650
636
630
634
623
610
608
605
593
584
587
581
569
570
574
569
563
570
571
560
557
566
561
551
554
557
550
547
557
559
550
555
564
562
562
581
598
608
628
661
680
694
719
742
751
758
776
783
778
781
788
783
773
779
777
765
758
765
755
744
747
747
737
728
735
730
719
718
723
715
704
708
707
693
685
688
678
664
666
668
657
653
663
665
660
667
677
678
674
685
691
686
685
694
688
676
678
678
669
658
662
656
644
643
648
642
634
643
647
640
641
653
651
644
652
660
656
654
666
666
656
656
665
660
657
673
684
690
702
728
743
750
770
787
791
792
806
808
798
797
799
790
775
777
773
760
752
759
751
741
744
747
739
733
740
738
726
724
725
715
701
703
699
685
679
684
678
669
675
678
674
669
680
680
673
676
685
681
674
684
687
680
679
689
687
681
685
693
686
681
692
692
683
683
692
685
678
682
683
672
667
675
671
661
663
668
660
653
661
656
651
656
672
679
685
709
730
742
756
782
793
797
810
821
818
812
820
818
805
802
806
795
783
785
783
771
766
769
763
748
749
750
742
734
738
736
724
719
724
716
704
708
706
693
688
692
687
674
677
681
674
668
677
679
673
676
688
687
683
693
697
691
686
696
689
679
680
682
673
667
675
675
666
666
676
668
661
669
671
664
660
670
665
659
661
668
662
662
679
690
696
713
738
753
761
788
805
811
817
836
839
833
837
843
834
825
830
827
813
809
812
802
790
792
791
778
772
779
775
765
766
769
761
750
755
750
737
731
735
725
712
718
719
710
707
717
715
706
712
720
714
712
721
723
717
717
727
722
716
722
724
715
710
719
715
706
709
714
706
700
708
707
697
696
702
696
686
692
693
684
678
684
681
672
680
694
701
709
738
760
774
797
825
841
849
868
882
879
879
888
885
873
872
873
862
849
852
846
835
831
835
828
818
822
824
813
808
814
809
797
795
794
781
768
769
761
745
738
742
734
723
728
731
724
720
731
732
723
727
735
728
721
729
728
719
718
725
722
715
720
725
717
713
722
719
711
712
720
715
707
717
715
708
708
716
713
704
710
713
703
698
704
700
692
700
715
721
732
761
783
798
819
848
860
865
882
890
886
881
892
886
872
870
871
860
850
855
851
840
835
837
829
814
815
814
803
795
801
792
777
776
778
769
759
761
756
743
738
742
738
726
731
731
722
716
723
720
710
715
723
718
713
723
725
718
717
727
723
714
719
722
714
707
714
710
700
700
706
698
689
698
699
690
689
696
694
685
689
694
684
682
689
686
676
677
684
681
679
696
712
722
738
767
784
795
820
842
850
857
876
879
874
876
881
873
862
866
862
847
840
842
831
819
820
818
807
798
804
797
787
785
791
784
777
783
779
764
758
760
748
735
735
735
725
718
724
722
713
717
726
721
718
728
731
722
722
731
725
718
721
725
716
709
718
715
706
709
714
710
702
710
711
701
698
706
700
687
694
696
688
684
694
692
684
686
695
689
681
691
690
683
684
697
703
707
731
753
770
786
816
837
845
863
884
888
888
900
904
894
890
895
887
871
872
869
857
846
848
843
827
826
830
817
806
813
813
802
796
802
796
783
782
782
770
760
765
760
746
745
750
743
735
742
744
736
734
743
741
733
740
746
740
734
744
742
733
733
739
731
720
726
725
713
709
715
710
701
704
709
703
696
705
704
693
693
698
689
680
685
685
674
671
678
673
664
670
678
677
684
707
726
737
761
789
804
816
841
854
855
859
872
867
857
859
859
846
834
839
831
819
816
818
810
800
805
804
792
787
792
785
772
771
771
759
748
752
746
733
730
734
727
719
726
727
719
716
725
722
714
718
727
721
717
728
729
722
725
732
729
722
728
731
720
716
723
718
708
711
716
709
702
711
710
702
706
713
710
701
711
712
702
700
708
705
697
705
719
722
732
757
773
782
801
823
831
837
856
864
864
866
876
874
865
867
869
846
850
845
829
822
824
812
800
805
804
793
789
796
789
777
778
778
766
756
762
755
744
741
746
740
731
739
739
733
731
743
740
730
738
747
743
737
747
746
737
738
745
740
733
740
741
733
730
738
733
723
727
732
724
716
724
720
710
711
719
714
708
716
719
710
708
720
723
724
743
764
776
790
817
836
845
863
886
892
893
905
911
904
898
906
899
885
887
889
876
865
870
862
850
843
848
838
828
832
832
822
814
821
811
798
798
796
784
773
778
773
762
760
767
760
753
761
765
757
756
765
764
758
763
771
764
759
770
769
762
761
770
762
753
761
762
752
748
758
753
742
745
749
741
734
742
739
729
729
736
732
724
732
735
732
736
757
766
773
796
822
833
844
871
884
890
901
913
915
910
915
916
905
895
900
889
874
872
872
849
855
852
840
839
843
835
824
826
825
811
801
804
794
777
778
777
766
756
761
757
746
745
753
750
745
755
759
751
750
760
756
749
755
760
757
750
760
758
747
746
752
747
740
749
751
742
738
745
743
734
739
745
738
731
737
734
721
720
727
722
713
719
721
714
711
729
735
741
764
789
803
817
849
866
875
888
905
906
901
910
913
903
895
904
897
885
883
885
872
863
868
864
849
846
851
841
828
832
830
817
809
813
804
790
788
788
777
767
772
768
756
755
761
754
748
756
759
752
750
761
759
752
757
765
757
753
762
763
750
752
761
757
748
754
756
750
746
757
753
744
747
750
741
733
739
737
724
724
728
722
713
720
724
716
717
730
737
740
758
781
792
805
832
851
857
870
890
892
889
900
903
896
893
899
892
878
877
878
868
857
861
844
839
844
837
824
829
829
815
805
809
800
784
782
785
773
762
769
766
758
757
765
762
752
760
762
755
752
763
761
752
758
764
756
750
759
759
750
748
755
749
741
747
751
741
739
748
744
734
737
741
734
725
734
732
722
720
728
723
715
724
730
729
734
757
771
780
802
827
839
849
873
885
882
889
900
895
887
891
892
879
870
875
869
855
854
854
841
830
834
828
816
811
817
806
795
797
798
784
777
782
776
762
763
767
757
748
755
753
743
742
751
747
739
745
751
743
739
749
748
740
746
755
749
744
756
756
749
748
755
748
737
741
742
729
725
731
729
719
723
729
723
719
727
728
721
726
742
746
752
774
793
803
815
843
857
860
873
889
887
883
893
890
878
872
875
866
851
853
853
839
831
836
831
819
818
822
809
799
802
797
783
776
779
771
759
764
764
757
752
761
757
748
752
754
750
745
754
755
749
748
759
754
748
754
759
750
746
755
751
740
742
744
737
728
737
736
727
728
738
734
725
732
734
724
716
724
721
715
724
741
748
759
788
811
823
841
867
876
878
892
901
897
892
899
891
875
867
866
849
833
834
824
810
802
809
801
793
799
802
792
785
788
781
763
760
760
746
733
740
737
727
726
736
733
726
735
739
734
732
743
743
736
741
748
744
736
747
748
740
738
745
741
731
739
740
732
726
736
732
723
724
730
724
715
724
722
712
711
720
718
713
729
744
755
768
799
817
828
850
872
879
885
901
909
903
905
913
906
895
896
897
884
873
877
871
856
851
854
843
832
839
836
826
823
830
821
808
810
807
793
783
787
778
765
764
767
757
749
757
758
750
752
763
762
758
766
773
767
764
775
772
761
763
768
758
752
760
757
749
749
757
751
742
748
751
742
736
745
739
729
732
736
727
718
727
727
723
729
748
757
768
794
819
832
849
875
888
890
903
915
911
903
911
907
895
892
897
885
874
877
877
867
860
867
860
849
849
852
841
829
831
824
810
801
803
792
778
781
781
770
765
775
772
764
768
774
768
761
769
768
760
760
768
761
756
761
766
758
752
763
760
750
754
759
752
744
754
753
744
743
749
744
735
740
742
732
729
736
733
722
724
730
721
715
722
724
717
724
744
753
762
789
815
828
845
870
885
886
899
911
908
903
913
911
898
895
900
890
875
877
874
860
851
854
847
831
831
833
823
812
818
816
801
799
803
792
780
783
783
771
765
772
768
759
761
769
761
757
766
767
761
762
771
766
756
763
767
759
755
766
763
753
755
758
750
741
751
752
744
745
754
750
743
749
752
745
738
749
746
736
739
742
734
724
732
732
723
727
741
746
750
774
797
808
827
857
874
880
898
916
915
912
925
924
910
908
909
899
885
885
882
867
856
860
855
840
843
844
835
826
835
832
819
815
817
807
793
792
790
776
767
775
767
758
762
767
763
757
771
773
766
767
777
773
765
769
774
764
758
766
761
749
752
759
751
744
754
755
747
748
759
753
745
751
753
741
736
742
737
725
726
732
723
718
726
728
723
729
747
752
758
781
801
812
824
850
862
866
880
894
893
889
900
900
888
885
887
878
862
862
844
833
837
829
816
814
817
805
794
798
792
779
773
776
767
754
758
761
752
748
757
754
744
749
754
749
742
753
753
746
745
755
752
746
753
758
751
747
756
754
744
747
755
747
741
749
748
737
735
742
735
725
732
731
722
718
727
724
716
719
726
720
715
726
733
732
746
767
778
789
815
839
848
860
883
894
892
901
911
905
897
901
898
882
876
879
867
854
855
853
842
834
839
833
821
820
825
813
803
807
800
786
781
782
773
761
764
763
755
749
758
755
745
749
754
747
741
751
752
745
747
757
755
746
757
760
752
749
756
751
740
742
745
738
729
737
735
726
726
734
729
722
729
731
721
716
725
719
708
710
713
704
697
709
716
719
735
764
781
796
824
847
854
866
886
890
886
894
899
888
878
884
877
865
861
867
860
848
850
847
833
826
832
823
815
814
818
807
797
801
795
782
775
780
768
757
758
756
744
737
745
743
733
738
746
739
733
744
745
738
741
749
744
738
743
746
736
732
741
736
727
730
734
727
722
731
732
724
725
734
728
722
727
729
718
712
720
715
704
707
711
703
696
707
708
706
717
739
752
764
793
815
828
843
868
879
879
890
901
895
888
893
889
878
876
880
867
856
855
843
837
842
838
826
828
830
821
811
816
811
798
790
792
780
765
765
761
750
744
752
750
742
749
754
748
743
753
753
746
747
754
748
739
745
746
737
734
744
740
733
739
746
737
732
742
742
734
734
740
732
722
728
729
718
713
721
715
707
711
715
711
703
712
710
700
701
708
704
703
720
734
745
762
793
812
826
850
871
878
883
896
899
891
890
894
885
873
875
870
859
849
856
847
835
835
835
824
812
819
814
802
798
801
791
779
781
779
767
763
767
763
753
756
758
750
742
751
749
741
743
751
748
743
753
756
750
749
761
758
749
754
762
755
749
758
756
748
750
755
751
742
750
750
741
737
745
739
729
733
738
732
728
738
738
731
733
743
736
727
735
734
727
722
731
727
718
724
727
722
716
726
730
728
739
762
773
787
817
837
850
866
891
901
903
915
927
922
918
924
921
909
904
905
894
881
882
877
865
856
862
854
843
848
852
844
837
842
836
825
823
826
818
806
812
811
801
799
808
805
795
802
805
799
793
802
800
792
792
799
796
789
798
801
796
794
803
802
792
798
805
797
794
802
801
792
795
801
795
786
792
795
785
784
791
789
781
786
790
784
778
786
783
773
772
778
772
763
770
771
763
761
769
767
762
772
787
793
804
832
849
859
879
902
911
916
931
940
933
933
940
935
924
925
926
912
904
908
901
888
883
885
875
862
865
861
849
843
846
841
825
829
829
821
813
819
815
802
803
807
798
790
799
801
794
794
806
803
797
803
811
801
796
802
799
785
784
788
779
770
775
776
768
768
779
776
768
771
773
763
755
760
755
743
743
748
741
733
743
744
739
738
749
749
747
762
779
784
794
820
832
837
852
870
873
872
885
890
883
881
891
881
872
874
874
864
853
857
852
838
834
837
826
814
815
812
800
794
798
790
777
779
778
767
759
766
761
749
751
754
746
736
741
741
731
729
737
735
728
734
741
735
730
740
739
731
733
737
732
727
733
732
724
720
728
723
713
718
720
709
704
711
708
697
699
705
698
691
697
700
693
697
714
723
730
754
777
788
804
833
847
851
865
878
878
874
883
883
874
869
875
866
854
855
855
844
835
842
835
825
826
830
820
810
814
811
796
789
791
780
764
762
760
747
736
742
740
730
732
740
734
727
735
737
731
729
738
735
725
729
731
722
716
725
724
716
723
730
724
716
725
726
717
718
723
716
706
707
709
698
691
698
696
685
687
694
688
681
689
690
680
679
687
685
678
690
705
712
725
753
772
784
808
833
847
853
875
884
882
884
894
890
879
882
884
869
863
866
859
845
843
844
832
822
825
824
811
811
816
810
799
803
801
786
777
779
768
754
751
751
742
732
740
740
731
730
740
737
730
739
744
737
735
744
742
735
739
745
740
734
744
741
734
730
739
734
721
730
731
722
718
725
723
713
717
720
713
705
713
711
700
699
706
699
688
695
695
688
684
693
692
684
688
694
688
681
690
690
682
683
690
684
677
684
688
681
678
688
686
677
681
688
680
674
684
686
676
677
683
677
668
676
682
678
684
709
723
734
760
793
810
829
859
877
884
894
910
907
901
908
911
901
897
906
903
893
891
891
878
863
866
853
839
831
836
829
820
831
833
827
823
832
825
813
811
811
798
785
786
781
766
760
767
758
749
756
760
754
751
763
762
755
762
770
765
759
768
767
759
758
769
762
754
761
765
756
753
759
757
745
748
752
745
737
746
746
737
739
747
741
732
738
738
728
724
730
725
717
719
725
718
710
720
721
712
711
722
719
711
718
722
714
712
719
717
710
712
719
710
703
711
711
702
700
709
704
697
707
712
709
715
737
751
760
784
808
822
836
862
879
882
895
909
910
905
914
917
908
905
912
904
891
890
889
878
867
872
868
855
851
856
849
840
844
844
835
828
832
825
810
808
807
796
785
790
789
778
776
783
777
768
777
777
769
764
775
771
764
769
776
771
766
776
777
768
770
776
769
758
764
764
754
749
758
753
743
748
755
747
742
751
749
741
740
745
738
727
734
734
723
719
729
723
716
720
724
717
711
720
718
709
709
718
711
703
711
713
705
704
713
714
704
711
716
708
701
711
709
701
702
708
704
697
706
709
700
698
708
703
697
705
719
724
733
759
777
789
812
842
857
866
887
903
901
903
916
912
901
902
902
891
880
884
879
867
863
869
860
849
853
852
840
832
841
834
820
822
822
811
800
805
801
788
784
788
779
767
773
771
763
759
767
764
753
758
764
760
755
769
769
762
766
775
771
763
771
771
760
757
763
757
745
750
755
748
742
749
750
743
744
752
743
734
742
742
731
728
737
731
722
728
734
727
724
736
738
729
732
740
733
725
732
733
723
722
729
728
721
728
733
730
726
737
736
728
731
743
742
745
765
784
794
808
837
852
860
883
899
901
905
921
923
917
918
923
914
903
909
906
894
888
892
884
872
875
875
865
856
860
857
844
843
846
837
826
828
827
814
805
812
804
793
796
798
790
783
790
786
776
779
787
783
777
786
789
782
780
791
786
776
779
782
772
766
775
772
765
765
773
768
762
769
771
761
759
764
756
745
748
750
739
732
739
736
728
732
741
739
735
744
747
739
736
744
740
730
735
737
726
718
725
722
713
717
727
727
727
749
765
775
793
825
843
853
877
896
900
905
921
924
917
918
923
914
903
909
909
897
894
899
892
881
882
885
875
868
874
868
854
851
851
844
833
837
832
819
812
815
806
794
796
799
789
781
788
785
773
774
780
776
767
776
777
769
770
781
778
771
777
781
773
770
779
776
767
766
775
768
760
768
767
757
752
758
753
742
745
748
739
733
744
744
733
737
742
736
728
736
737
726
725
732
728
719
725
731
722
719
728
727
719
722
731
724
718
726
727
718
718
729
725
722
736
753
763
777
806
826
838
862
889
896
903
921
928
923
921
931
924
912
917
919
907
900
906
903
892
892
898
888
877
881
880
867
861
869
861
849
850
850
838
827
834
828
816
814
817
808
796
803
802
789
787
796
791
782
790
795
788
784
795
795
786
791
799
793
785
795
794
786
784
792
785
776
780
783
772
766
773
768
759
760
766
758
749
757
758
748
748
756
751
742
750
755
749
744
757
756
747
750
758
753
746
754
754
745
744
754
748
741
747
751
744
741
753
757
757
772
792
803
813
840
868
882
904
911
909
923
930
927
922
931
926
915
913
918
908
898
903
902
890
888
895
889
881
887
890
882
877
885
879
866
862
864
849
836
841
836
823
820
828
822
814
820
825
817
815
825
821
813
815
821
813
807
815
818
810
808
818
813
805
813
816
807
802
809
806
796
797
800
791
780
787
787
778
776
784
781
772
780
783
775
772
781
776
767
769
775
767
760
768
767
759
756
765
757
749
753
757
750
746
756
755
747
752
759
755
750
764
772
773
787
811
827
836
863
884
894
905
927
933
930
938
945
938
928
931
926
912
907
912
903
890
891
892
880
872
878
873
863
862
866
857
849
854
854
844
841
845
837
825
828
831
820
815
820
816
803
805
810
801
794
800
800
791
788
796
792
783
790
796
788
786
794
792
783
785
789
782
772
780
777
768
764
770
765
754
759
760
749
742
751
746
736
736
741
735
727
736
737
727
726
737
730
722
730
732
724
719
728
725
718
720
726
720
713
723
726
718
720
733
733
730
747
765
772
786
815
830
842
861
885
894
897
915
922
918
920
928
921
910
915
912
900
891
895
888
874
871
875
863
852
857
854
843
840
846
839
826
828
827
817
805
811
803
790
790
796
787
779
787
788
780
781
791
785
778
786
790
784
779
789
787
779
784
792
787
779
789
787
779
776
781
775
764
768
767
758
751
761
757
750
753
760
755
749
758
757
748
747
755
749
739
745
748
738
733
743
739
732
735
744
738
733
744
747
739
741
755
756
754
772
789
795
809
835
848
857
874
895
898
900
916
920
911
910
918
909
897
898
897
882
872
877
867
855
852
855
844
834
843
840
829
826
830
821
807
808
805
796
787
795
788
775
779
785
779
772
783
785
776
778
789
786
780
790
793
787
783
794
790
781
783
790
781
773
782
782
774
773
782
777
768
772
775
765
758
768
764
753
754
760
754
745
754
755
746
746
752
747
738
744
746
737
730
739
734
724
727
732
728
724
740
751
755
770
795
808
816
840
857
862
868
886
889
882
887
893
884
873
878
875
859
851
854
842
830
832
831
818
807
813
807
793
793
793
783
771
776
768
754
749
754
746
736
742
746
741
738
752
752
749
755
764
759
755
765
767
759
758
767
765
757
767
772
768
766
780
779
772
777
787
780
775
785
785
774
772
778
771
762
765
767
758
753
762
758
749
752
757
749
741
751
753
748
753
774
781
789
812
835
845
859
886
897
899
909
922
920
912
920
917
904
897
901
889
875
876
877
866
864
857
845
844
849
839
826
826
820
805
796
799
790
778
782
785
775
771
780
779
769
773
779
773
766
776
778
769
767
778
773
765
773
776
770
764
775
773
763
767
773
765
757
765
762
752
748
754
746
734
737
738
728
722
729
728
715
719
727
723
721
739
751
756
770
795
808
816
837
854
857
862
878
879
875
877
882
874
863
869
866
853
849
854
845
835
838
839
828
820
827
823
809
810
811
801
790
792
786
769
761
763
752
739
741
740
732
729
739
739
731
734
742
736
730
741
744
738
738
749
744
737
743
746
737
730
738
733
723
726
734
728
722
734
737
730
731
740
734
725
729
729
719
710
716
713
704
710
721
725
729
753
769
777
792
817
826
828
843
854
848
847
856
854
844
845
849
841
832
839
835
825
817
821
815
802
804
804
792
787
793
787
775
772
774
763
750
756
752
738
734
741
733
723
728
734
727
726
736
738
732
738
749
746
741
753
753
746
744
753
746
737
741
744
736
731
740
738
729
732
739
733
727
735
736
726
721
731
725
715
723
727
719
716
727
722
714
717
724
719
715
728
738
741
753
780
795
806
831
851
867
886
892
886
892
901
891
882
886
882
869
862
867
847
847
848
838
829
837
833
824
824
829
822
808
811
809
794
787
790
779
764
762
763
751
743
752
748
739
741
748
744
736
745
748
739
737
747
741
732
739
742
737
732
745
745
736
739
747
741
732
742
741
732
728
735
729
717
721
725
717
711
720
717
708
711
719
714
705
714
716
706
704
714
710
701
707
713
703
698
708
707
697
702
709
703
697
705
708
701
702
712
708
698
704
708
701
696
706
705
696
699
706
700
692
703
710
711
722
748
761
773
801
828
841
856
881
895
896
905
920
917
909
918
916
903
897
903
892
880
882
884
873
862
873
868
856
863
855
844
851
851
841
837
842
836
823
825
826
814
804
811
804
793
791
798
791
781
787
790
781
778
789
786
776
784
790
784
780
790
791
784
784
791
786
777
785
786
773
768
778
772
763
768
772
763
756
767
765
755
759
767
758
751
758
758
749
746
754
750
740
745
749
741
736
747
748
739
742
751
744
738
747
749
742
741
751
750
739
743
753
745
740
751
751
739
742
749
742
734
743
747
740
740
755
761
762
782
806
816
829
856
872
879
895
913
917
915
929
937
928
925
932
926
912
914
914
901
889
894
887
874
872
879
873
859
868
869
860
857
862
859
846
847
847
833
820
827
820
806
804
811
804
795
804
806
799
796
808
804
796
801
807
800
794
804
802
793
794
804
799
793
802
806
798
796
806
800
791
793
797
788
779
785
782
771
768
775
769
760
769
773
766
765
778
776
768
773
779
771
764
773
772
763
763
770
765
758
765
769
760
759
769
769
759
768
776
771
767
780
779
771
769
779
773
763
767
770
762
759
776
779
779
799
821
833
843
873
891
897
911
930
935
932
942
946
937
931
939
930
917
918
920
910
897
904
900
890
888
894
887
879
885
888
881
875
885
879
867
867
869
857
845
849
846
833
831
838
833
825
833
839
833
830
843
841
833
837
844
837
829
836
837
828
830
840
835
828
836
842
834
829
840
837
825
824
829
819
810
817
814
804
804
813
810
801
810
814
806
801
811
811
800
803
806
799
790
799
797
789
787
797
793
783
791
794
786
780
789
787
777
782
787
782
776
789
795
795
807
831
841
849
872
891
897
906
927
933
930
939
947
940
932
938
935
920
913
916
903
891
888
892
879
870
877
873
862
866
870
864
856
863
862
848
842
845
833
818
816
814
800
794
800
795
784
788
795
790
782
792
793
785
783
793
787
778
785
789
781
777
788
786
777
781
788
780
772
781
781
772
768
778
772
763
767
771
763
756
765
760
749
751
756
750
742
751
751
743
743
753
750
743
749
753
745
740
749
747
738
740
747
740
731
741
743
735
735
745
742
736
742
748
740
737
747
751
746
760
780
790
800
830
848
860
875
901
907
909
923
933
928
924
934
931
920
921
925
916
905
910
909
894
890
896
889
879
883
884
876
869
881
878
867
867
872
863
851
855
851
835
827
831
819
807
809
811
800
793
804
801
794
795
806
800
794
804
805
797
795
804
802
793
796
803
794
788
798
796
787
786
792
786
775
783
784
774
769
777
772
760
765
769
763
754
763
762
751
753
760
754
748
757
759
750
748
757
751
742
746
751
743
738
747
747
738
740
747
742
737
744
748
740
736
746
741
731
734
739
732
725
736
737
728
733
750
756
763
789
810
820
834
863
875
881
896
911
911
908
918
917
908
906
913
904
890
895
894
883
877
885
878
866
868
871
862
852
861
857
848
845
853
845
834
839
837
824
815
820
814
798
797
799
788
780
787
786
776
778
788
784
776
787
789
781
781
790
789
781
785
791
783
776
787
787
777
776
785
778
768
773
775
765
758
769
763
752
753
759
750
743
753
753
744
744
753
748
739
745
749
740
736
743
740
730
732
739
731
723
731
732
722
723
732
729
721
730
736
728
724
737
733
723
726
732
724
716
727
726
717
716
727
723
714
720
724
717
718
733
739
740
760
783
795
807
837
857
864
879
900
906
903
916
922
914
907
916
908
894
894
895
883
873
880
878
870
872
884
882
876
882
888
881
877
887
884
871
868
874
859
845
847
842
830
826
834
829
818
826
830
822
816
827
825
815
818
827
820
815
824
828
819
820
830
824
814
821
821
811
805
812
807
795
796
802
794
785
795
794
784
781
789
782
772
775
778
768
761
769
766
756
759
768
762
757
766
770
760
760
770
764
755
757
761
752
746
756
756
746
750
761
755
749
756
759
750
749
759
756
747
753
759
751
749
758
756
748
752
760
757
754
773
784
790
801
827
837
844
864
882
886
889
909
911
905
908
916
908
898
904
902
887
880
885
877
862
864
865
852
842
848
846
835
836
843
835
825
830
828
817
810
816
809
794
797
799
790
784
792
792
782
783
792
788
780
790
793
784
783
792
790
783
788
795
790
785
796
794
786
789
797
793
784
791
794
782
777
784
780
767
771
776
767
760
767
770
760
763
772
765
757
766
770
762
762
773
772
763
766
771
762
754
763
763
753
752
759
751
741
749
752
745
745
759
760
758
770
790
798
806
832
846
853
865
885
889
887
902
908
904
900
912
910
898
900
904
892
882
888
884
870
864
868
846
851
851
841
836
845
841
829
831
836
824
812
817
813
797
792
796
786
773
777
780
769
765
775
775
765
772
781
775
770
781
783
773
771
779
774
760
767
767
757
752
759
755
744
747
755
748
740
750
751
742
739
749
744
733
742
744
738
733
745
743
734
738
744
738
731
737
737
727
726
734
731
720
728
732
724
719
730
726
720
725
738
739
741
766
782
790
808
836
851
856
880
896
899
901
918
920
913
914
919
911
897
903
898
887
880
888
882
868
875
878
868
863
870
867
855
856
862
852
842
846
844
831
824
829
820
805
808
807
797
791
798
796
787
790
799
795
789
798
802
794
792
803
800
790
796
800
792
785
797
795
785
788
797
791
784
794
796
787
782
792
784
773
774
776
763
755
762
761
748
750
760
756
750
761
767
760
760
770
768
757
762
765
756
745
754
752
739
740
748
746
743
760
775
780
796
825
840
848
870
893
897
901
920
926
918
919
929
922
911
917
917
907
900
909
902
892
896
902
896
887
896
895
884
882
890
880
869
873
870
857
847
854
843
830
834
833
825
816
825
825
815
815
823
816
808
816
817
809
805
814
811
801
806
813
805
800
810
811
803
804
813
810
800
807
809
797
792
801
796
784
787
791
781
773
780
779
770
772
781
778
770
778
783
775
771
779
777
765
766
770
763
753
762
763
753
753
763
757
751
759
766
760
762
779
786
789
807
829
840
850
879
892
897
908
928
932
927
937
945
937
928
935
928
913
911
915
906
894
902
903
891
891
900
895
885
890
893
884
876
885
877
862
860
847
835
839
836
824
821
830
825
816
822
827
820
816
826
825
817
818
825
819
812
823
825
818
815
827
820
812
819
824
816
809
819
815
804
807
812
803
794
799
798
787
783
791
786
775
782
787
780
775
788
787
780
784
791
784
776
785
785
775
771
782
774
765
769
772
766
761
772
772
763
766
776
772
765
776
779
771
771
785
790
793
813
835
843
856
884
898
904
918
938
939
938
948
952
943
935
943
935
923
926
925
915
906
914
911
901
898
907
898
890
897
898
888
883
889
881
868
865
869
856
843
847
841
828
827
834
829
817
826
830
823
822
834
833
825
833
838
833
827
838
838
828
827
836
829
821
830
832
823
820
832
830
821
827
836
827
819
828
828
816
817
825
822
815
825
834
828
828
841
841
835
841
848
843
835
843
840
827
823
828
817
802
806
802
789
779
784
777
762
762
766
755
744
754
752
742
744
756
755
751
769
782
788
797
822
834
838
855
875
878
881
899
907
902
905
915
911
902
908
910
899
892
898
894
881
881
886
877
866
870
868
854
852
850
836
839
839
827
817
825
817
804
804
809
800
791
802
802
790
790
799
795
786
795
799
795
792
804
803
797
800
809
804
797
808
808
798
796
804
797
786
792
794
784
777
785
781
769
772
777
769
759
769
769
760
758
767
763
753
757
761
752
746
756
753
743
746
756
751
745
755
761
753
754
762
758
749
755
759
750
742
752
749
741
741
748
743
737
753
762
765
778
802
816
825
848
867
873
880
900
905
900
906
912
907
896
901
900
886
882
887
881
868
871
876
867
857
867
863
852
851
854
845
834
839
838
824
817
823
813
796
798
797
786
778
783
781
770
769
779
772
767
775
779
772
770
781
779
770
775
780
772
765
774
772
764
764
774
768
760
769
770
761
757
765
761
747
754
756
750
742
751
748
741
740
750
744
734
742
744
736
732
742
738
728
734
739
733
728
739
741
734
735
747
742
735
745
747
739
736
744
740
730
734
739
732
727
735
735
724
726
736
730
723
736
746
747
755
779
792
801
822
844
852
877
886
882
887
897
893
882
888
890
879
872
878
872
861
865
869
860
853
864
863
855
854
862
852
841
845
847
834
827
832
825
813
811
813
804
792
798
796
786
785
795
791
783
787
791
782
778
786
783
772
775
780
775
768
779
782
777
779
791
790
783
791
796
786
780
786
779
765
763
764
755
745
753
754
748
749
761
758
753
759
762
753
746
753
747
733
736
738
731
723
731
733
727
728
738
739
732
742
746
740
735
744
740
729
729
735
725
717
723
724
715
714
722
721
715
726
737
740
748
772
787
796
815
839
850
854
875
887
886
888
901
899
892
898
899
892
884
893
889
877
874
878
870
860
866
867
857
853
861
856
846
850
855
844
835
842
835
822
820
821
810
798
802
801
789
784
792
786
775
781
784
776
771
780
780
773
775
782
778
773
781
783
774
769
778
773
762
766
772
763
758
767
766
758
761
769
763
755
763
762
754
749
758
755
745
751
758
753
750
761
765
759
764
774
771
766
774
773
766
763
772
767
759
761
767
759
752
761
760
751
753
761
755
748
758
760
753
752
763
761
756
767
781
787
794
818
833
838
852
874
879
880
896
903
901
900
911
907
896
899
902
892
881
887
881
870
867
872
865
855
861
863
853
848
860
856
846
848
851
842
831
834
830
816
811
814
805
796
802
805
796
793
801
799
789
792
797
791
785
795
793
788
790
798
794
787
794
799
789
783
793
788
778
780
785
777
770
777
777
768
767
774
767
759
764
766
757
752
761
758
750
754
760
756
751
762
763
757
758
766
760
750
755
755
747
740
747
744
734
736
742
737
730
739
738
729
729
740
739
737
753
768
773
785
810
825
833
852
871
876
878
893
895
890
891
896
892
880
881
882
870
862
868
863
850
851
855
848
839
846
844
835
834
840
835
825
831
832
824
816
819
813
800
799
802
793
782
788
787
775
773
781
776
769
774
780
773
767
778
776
769
772
779
773
765
773
774
767
764
772
768
758
763
765
757
750
759
755
747
748
754
748
740
748
749
739
739
745
740
730
735
739
731
726
737
736
730
730
741
736
729
738
740
731
729
736
730
720
723
726
719
713
725
724
718
724
735
736
735
751
765
769
780
804
815
821
838
855
857
863
881
886
885
889
900
895
890
896
896
884
879
881
872
859
859
847
838
845
842
833
833
838
834
825
831
833
823
818
825
816
802
804
803
794
784
791
787
776
776
785
780
772
781
785
778
777
787
786
776
784
789
784
779
788
787
777
779
785
781
770
777
777
768
762
769
766
756
762
765
757
750
758
756
747
746
752
744
735
742
743
736
735
745
742
736
740
745
739
733
741
741
732
729
736
731
722
730
733
726
723
734
732
723
729
734
726
720
732
735
735
744
767
779
788
814
835
843
855
879
887
885
897
904
902
895
903
900
889
886
891
880
871
874
874
862
857
863
847
849
852
845
836
845
843
832
829
835
825
812
815
814
803
797
804
801
790
796
801
794
789
798
799
792
795
804
802
797
805
810
804
800
810
808
798
801
807
800
793
801
800
793
792
801
796
787
793
797
789
785
794
789
780
782
787
782
775
784
786
776
777
785
780
772
778
782
774
769
780
780
770
774
782
774
768
775
774
765
761
768
763
754
762
764
757
754
765
764
758
763
771
770
768
786
798
803
819
843
857
862
883
899
903
907
923
924
920
922
929
922
916
920
920
908
903
910
902
889
894
894
885
878
887
882
871
871
875
869
859
866
862
851
847
852
844
832
837
839
833
827
836
837
829
833
841
836
830
842
844
838
838
849
847
839
847
850
843
838
844
839
829
830
835
826
818
825
824
813
809
815
811
799
803
805
793
788
794
792
782
784
789
782
775
784
783
776
774
782
777
767
773
776
769
762
770
767
758
758
765
760
749
761
760
751
749
757
753
745
751
757
752
752
768
776
779
794
815
824
829
851
867
869
878
895
899
896
904
909
901
895
901
896
883
881
884
875
865
869
869
854
862
857
847
852
856
848
842
849
846
835
829
835
825
812
817
814
804
798
807
803
794
799
804
797
792
800
800
792
793
803
799
790
798
801
790
786
797
791
781
786
791
783
776
787
784
773
774
782
776
767
773
773
763
758
767
761
753
758
763
757
751
761
760
752
754
762
757
748
755
756
746
744
751
748
739
744
748
741
737
747
744
734
736
744
741
738
756
768
776
788
817
830
838
860
880
884
887
904
907
900
898
907
898
887
891
890
877
871
878
873
861
865
868
860
852
859
856
848
847
854
847
837
843
844
833
825
833
824
812
811
812
800
790
794
790
781
777
784
779
772
780
785
779
776
788
788
779
785
791
784
777
783
783
772
772
779
775
766
774
778
769
768
778
775
764
765
770
760
751
757
753
743
741
747
742
734
742
746
738
734
745
743
735
739
746
739
732
740
739
730
728
737
731
720
730
732
724
720
731
728
721
726
735
730
727
739
747
750
761
787
797
806
831
850
857
868
888
894
890
897
905
899
890
896
895
881
879
884
878
865
871
874
862
867
861
850
851
856
846
837
844
843
831
830
835
829
816
818
819
807
798
805
797
784
784
789
781
774
782
782
774
776
787
781
774
782
787
780
775
787
782
774
778
783
776
770
778
777
768
766
775
768
761
766
767
761
755
764
763
753
755
763
756
749
758
758
747
745
754
749
738
744
747
739
732
742
742
733
736
745
740
734
744
747
738
739
749
743
733
739
742
735
730
740
736
726
727
735
729
724
735
744
744
755
777
791
799
824
847
868
891
900
897
907
919
915
908
917
914
902
895
900
889
877
879
881
871
862
870
869
860
860
870
862
855
864
863
853
848
855
845
831
833
832
818
808
815
809
798
799
807
801
794
803
805
798
796
807
800
790
796
800
792
785
796
794
785
790
796
791
784
794
794
785
782
790
783
773
777
781
770
765
773
770
761
761
769
761
751
762
761
752
751
759
754
744
749
754
746
740
753
751
743
747
755
751
743
752
752
742
739
746
741
731
738
742
735
731
742
741
734
738
747
744
741
757
767
769
778
804
818
824
848
869
877
883
904
912
908
915
924
918
908
914
912
900
891
896
888
874
876
877
868
860
869
867
859
867
859
849
856
856
844
839
846
837
826
826
830
821
816
826
826
818
822
829
824
817
824
825
815
812
822
821
814
824
832
828
826
842
845
840
844
854
846
839
844
845
834
829
833
828
813
815
819
811
806
817
817
809
814
823
818
811
819
819
809
802
811
803
793
798
803
795
791
804
804
798
798
807
800
791
794
794
780
774
781
779
768
774
781
778
777
792
797
795
801
816
819
818
836
848
853
862
883
890
893
905
920
920
920
935
938
931
934
944
941
929
938
940
929
921
929
921
908
909
909
899
885
890
884
872
872
881
874
869
874
876
868
862
869
864
854
856
848
838
847
844
834
834
842
837
829
835
839
833
832
846
845
838
845
852
845
837
848
847
835
832
840
831
820
825
827
816
812
820
817
808
813
817
813
808
820
820
811
809
817
810
798
804
803
794
788
800
798
791
801
811
811
808
825
829
825
829
840
838
832
846
855
866
888
898
901
918
936
939
940
955
960
953
953
960
952
941
942
940
929
920
930
925
914
916
921
911
903
908
906
893
891
897
888
878
880
880
867
861
870
865
856
860
867
859
852
863
862
852
851
860
854
845
852
857
848
847
857
857
848
854
864
859
852
863
863
851
849
857
849
840
845
847
836
828
837
832
822
824
830
823
815
824
826
816
814
821
815
804
810
813
804
797
806
803
795
802
815
819
824
851
866
875
890
915
924
926
943
953
948
944
952
949
938
936
941
930
919
926
926
917
915
927
920
908
912
914
904
896
903
898
886
886
892
881
870
875
871
857
849
855
845
833
836
837
830
826
838
836
827
833
840
834
826
836
836
825
825
833
826
816
821
827
820
817
828
829
821
826
834
829
821
829
829
815
811
816
806
795
796
800
789
783
792
792
780
786
793
789
783
796
802
803
810
832
842
846
867
886
891
899
918
924
921
927
938
931
924
932
932
920
916
923
913
900
902
903
891
882
889
887
873
875
880
874
872
907
947
986
1003
1001
1001
1001
1001
1003
1001
1002
1000
1001
1001
1001
1002
1002
960
879
816
765
739
735
726
719
731
743
741
742
761
770
778
804
859
920
990
1002
1001
1001
1002
1001
1001
1000
1003
1001
1001
955
920
872
819
781
754
719
686
676
663
642
634
640
634
627
638
649
643
638
650
651
640
645
655
650
642
649
650
634
620
619
598
575
572
570
562
566
600
635
672
730
799
850
901
965
1003
1003
1002
1002
1001
1001
1000
1001
1001
1000
1001
1001
1002
1000
1000
1000
1000
1001
1001
1001
1001
1002
1001
1000
1001
1001
1001
999
1002
1002
954
879
821
764
719
699
676
637
583
559
542
558
591
620
663
728
781
814
850
884
903
929
985
1002
1002
1002
1002
1002
1003
1000
1000
1000
1000
1001
1002
1001
1001
999
1001
1002
1001
1001
1000
1000
1001
1001
1001
1001
998
1000
1000
1000
1000
1000
1001
1000
999
1001
1000
1000
1000
1000
999
1000
1001
1000
1000
1000
1001
1001
1002
999
1002
1000
1001
1000
1002
1002
1002
1002
1001
1003
1001
1001
1001
1002
1002
1003
1002
1003
1002
1002
1005
1003
1003
1002
1001
1001
1003
1003
1001
1002
1004
1002
1002
1003
1003
1003
1002
1003
1001
1002
1003
1000
1001
1001
1002
1002
1001
1002
1003
1000
1003
1001
1002
1002
1002
1000
1000
1001
1000
1001
1001
1001
1001
1003
971
947
930
898
869
834
784
730
677
611
557
543
544
545
565
606
636
658
696
739
766
792
836
869
887
913
948
972
991
1002
1003
1000
1002
1002
1002
1001
1001
1001
999
1001
1001
1003
998
1000
1001
999
1000
1001
999
1001
1001
1000
1000
1000
1000
1000
1000
1000
1000
1000
1000
1001
1000
1001
1002
1001
999
1000
1001
1001
1000
1001
1001
1000
999
1000
1000
1000
1001
1000
1000
1000
1000
999
1000
1001
1000
1001
1001
1001
1000
998
999
1001
1001
1000
999
1002
1001
1001
1002
1001
1000
1001
1000
1002
1000
1001
1002
1001
1001
1000
1001
1001
999
1001
1001
1001
1000
1000
1001
1001
1000
1001
1002
1002
1002
1000
1001
1000
1001
1000
999
1002
1000
1000
1000
1000
1002
1000
1000
999
1000
1000
998
1002
1000
1001
1001
1001
1001
1000
1002
1001
1001
1001
1001
1000
1001
1003
1000
1001
1000
1001
1000
1001
1000
1002
1001
1003
1004
1002
1002
1002
1000
951
896
850
787
706
643
597
554
526
525
523
519
529
557
576
592
621
645
648
649
656
652
645
659
686
700
713
740
757
765
780
811
827
832
848
855
840
806
782
763
747
767
817
871
920
931
832
717
597
465
320
204
160
156
151
149
148
148
148
148
147
146
147
147
147
148
148
147
148
148
147
147
148
148
147
148
147
148
148
147
147
146
148
148
148
147
148
148
148
147
147
147
148
148
148
147
147
148
147
148
148
148
148
148
148
147
148
146
148
148
147
148
148
148
147
147
147
147
148
148
147
148
147
147
147
146
148
147
148
148
147
147
147
148
148
148
147
147
148
147
147
148
148
148
148
147
148
147
147
148
147
147
148
149
147
147
148
148
147
148
147
148
148
147
148
148
148
147
148
148
148
148
148
148
148
147
148
149
147
148
147
148
148
148
148
147
149
148
148
147
147
148
148
148
148
148
147
147
149
148
148
147
148
148
148
149
147
147
148
148
148
149
148
148
148
148
148
148
147
147
149
147
148
146
146
147
148
148
147
149
148
148
147
147
147
147
148
147
148
148
147
148
148
146
147
148
148
148
147
147
148
148
147
147
147
147
149
147
148
148
147
147
148
147
148
147
149
148
147
148
148
149
148
148
149
147
148
148
148
148
148
148
148
148
148
148
148
148
147
148
148
148
148
147
147
148
148
148
147
148
148
147
147
148
147
149
148
148
147
148
