660
666
662
657
664
663
653
650
651
644
633
633
633
621
614
616
610
599
598
601
593
586
591
589
582
577
582
576
567
570
570
562
558
563
559
551
552
556
551
546
553
553
545
544
551
548
542
548
549
540
535
541
539
530
533
539
533
528
537
535
527
526
533
529
523
528
531
522
518
522
518
511
513
517
511
506
512
512
505
506
518
521
528
553
582
610
644
691
731
759
799
833
851
864
887
896
894
894
900
888
873
868
860
842
829
825
813
796
789
786
775
765
766
763
753
753
759
756
750
756
758
751
746
751
744
733
731
730
719
706
706
701
689
683
687
679
670
675
677
670
667
674
672
667
670
676
671
667
675
677
670
669
674
669
658
662
659
649
640
644
638
626
624
625
615
605
607
590
585
590
584
576
581
584
577
570
573
569
560
561
565
560
555
561
559
550
545
549
545
538
545
548
543
540
547
544
535
536
542
535
529
537
538
530
527
533
527
518
522
525
518
514
522
520
511
512
516
510
502
508
508
500
496
502
497
491
494
496
487
482
488
487
481
485
493
493
496
518
540
561
595
641
678
711
754
793
815
834
860
872
872
879
892
904
910
920
919
905
894
888
873
853
847
840
826
815
817
813
799
799
801
795
790
797
798
793
793
799
793
781
779
774
761
751
752
748
737
735
736
728
719
720
721
713
712
721
719
713
720
722
717
713
720
717
711
713
718
712
705
709
705
694
689
691
685
673
675
675
663
655
658
651
638
636
638
631
623
628
629
619
615
619
613
606
609
598
605
603
593
594
598
591
586
592
592
584
583
589
586
579
582
584
575
569
576
575
567
570
575
568
562
568
571
562
562
568
565
558
563
565
558
554
559
556
546
547
552
546
539
545
544
536
530
536
531
523
527
532
523
520
527
526
517
519
527
530
534
558
584
607
641
689
728
759
803
839
876
900
912
910
914
918
908
895
891
880
860
845
841
826
806
802
795
780
768
769
763
752
750
755
751
745
753
752
743
739
745
739
725
726
725
714
704
706
699
688
685
690
683
676
681
685
678
677
685
681
674
679
685
679
676
684
684
674
674
679
672
661
664
662
651
646
650
642
628
627
626
614
605
609
604
593
591
595
588
578
583
582
573
569
577
574
565
569
572
565
556
563
560
551
551
557
552
543
548
550
541
538
547
542
533
538
543
535
528
536
535
525
524
529
522
515
521
522
515
511
517
512
501
504
508
502
495
503
502
494
493
499
494
485
490
491
482
476
483
480
471
474
478
472
464
472
471
463
465
476
477
478
500
523
541
570
615
651
682
722
760
780
798
822
836
835
839
844
836
821
818
810
793
776
771
754
733
724
717
703
688
690
684
669
665
670
662
655
662
661
658
654
661
655
643
644
644
631
621
623
619
610
607
614
607
598
605
607
601
599
610
609
604
611
619
614
609
616
616
607
605
610
604
592
593
592
580
573
576
568
556
555
555
543
534
538
533
521
518
523
513
503
506
506
497
494
500
495
485
486
489
480
474
481
479
472
472
479
474
466
470
472
464
459
467
465
457
460
464
457
451
458
457
448
448
455
452
447
453
456
449
445
450
445
435
438
444
436
430
436
434
423
421
428
424
417
422
424
417
412
418
414
407
411
420
421
429
457
480
503
536
578
610
636
673
702
720
735
755
761
756
760
760
749
734
730
719
699
684
678
660
640
635
627
611
598
598
590
576
578
580
572
562
566
562
551
546
550
542
533
534
537
531
530
539
539
534
541
552
554
553
567
572
569
574
586
586
582
588
593
586
583
588
583
573
572
573
563
554
557
552
542
538
542
534
523
525
524
514
507
512
507
496
498
502
495
488
492
492
483
481
487
482
476
479
465
437
417
413
402
390
392
397
393
390
397
398
391
391
398
396
390
397
400
396
395
402
400
392
395
399
394
388
396
396
388
389
396
391
386
390
393
387
385
390
391
384
389
395
394
397
416
434
451
481
523
555
587
627
664
686
706
732
745
749
757
764
758
747
746
736
716
703
695
677
658
652
645
630
620
620
612
599
598
600
594
589
596
596
588
585
588
580
569
569
568
560
556
564
563
558
563
570
568
567
577
583
581
588
598
601
600
608
613
608
606
613
610
603
605
596
587
588
584
572
566
569
564
553
554
555
546
541
544
539
529
530
533
527
520
526
525
517
514
518
513
505
510
513
506
502
509
508
499
502
507
502
497
503
504
498
498
506
504
498
503
507
501
498
507
507
500
502
508
503
496
502
502
494
491
498
494
487
493
497
490
485
493
491
484
487
496
497
500
522
545
564
593
639
673
705
746
782
804
823
849
862
866
893
923
933
933
937
931
912
896
889
871
847
839
830
813
800
800
792
780
779
781
774
768
774
776
769
767
773
765
752
751
746
732
720
720
713
703
701
705
698
690
696
697
692
690
700
699
694
699
704
699
696
706
706
699
700
706
699
689
692
690
678
672
676
668
655
654
653
642
634
637
632
622
621
624
618
610
614
614
605
607
603
595
597
599
592
588
596
596
589
589
593
588
582
586
587
580
578
586
583
575
579
581
573
568
576
575
568
570
576
570
563
566
565
558
554
563
560
554
560
562
555
547
552
546
537
538
544
539
534
539
538
529
529
540
543
548
573
627
660
706
746
777
814
851
872
889
911
925
925
925
932
923
909
902
893
874
857
852
840
823
814
811
797
783
784
780
771
767
774
771
765
770
775
768
763
768
763
752
748
750
740
728
726
721
709
702
703
698
689
690
694
688
683
690
689
684
685
692
688
684
691
695
689
686
692
689
679
681
681
674
666
670
665
653
650
652
643
632
632
631
620
613
618
612
601
601
594
587
592
592
583
583
590
585
576
581
584
577
572
578
576
568
570
574
568
561
568
567
555
555
562
556
549
555
556
549
544
550
545
536
539
542
536
531
537
537
528
527
532
526
518
522
524
518
513
521
516
506
506
509
501
494
499
501
492
492
499
495
488
495
499
497
502
525
544
563
601
644
679
714
760
794
817
842
869
878
879
890
895
888
879
878
864
853
859
864
854
844
844
836
819
811
811
802
793
795
798
791
787
795
793
785
788
790
781
770
773
766
754
748
750
739
726
725
723
715
708
717
714
707
709
714
709
702
710
709
702
703
710
708
700
704
705
695
687
692
686
676
675
677
667
655
659
654
642
637
640
632
620
623
623
613
606
611
605
594
594
598
591
585
592
592
583
580
584
579
570
575
578
572
568
577
574
566
567
571
566
560
567
567
558
558
565
560
552
556
558
551
546
555
554
546
548
553
547
540
544
543
535
533
540
536
527
531
534
525
521
528
526
516
518
522
517
509
515
516
508
506
513
509
503
510
517
517
523
546
568
587
625
669
704
737
782
816
836
883
893
894
903
906
896
885
883
869
850
839
833
814
794
789
779
763
752
755
747
735
736
737
730
724
731
730
723
723
726
719
708
709
704
690
682
685
676
667
669
672
664
658
664
663
655
657
663
660
653
661
663
657
655
664
661
653
655
658
649
641
647
640
629
626
628
618
606
606
590
583
586
579
568
568
569
560
553
558
554
546
546
549
541
532
538
538
528
525
532
528
521
524
529
521
516
523
521
514
513
518
513
507
511
512
504
501
507
502
495
497
499
492
487
494
492
485
486
493
488
480
487
487
480
477
483
480
470
471
474
466
459
464
461
451
451
456
450
445
450
452
446
445
453
449
443
445
453
450
454
475
494
513
548
590
623
653
694
728
749
768
796
804
805
812
816
806
793
791
777
755
741
735
716
697
692
681
664
652
651
643
629
631
632
626
620
627
625
615
613
615
606
593
594
590
579
575
581
577
570
574
580
576
572
582
586
584
589
599
598
595
607
599
596
603
599
591
590
592
582
572
574
568
556
551
553
543
532
533
532
523
517
521
516
506
506
510
502
495
500
499
489
486
490
485
479
484
487
479
474
482
479
472
473
479
474
469
478
478
470
471
477
473
467
472
475
470
467
474
472
465
468
474
468
462
469
468
461
460
466
461
454
458
460
453
449
456
454
447
451
454
451
446
451
451
444
441
450
446
444
456
472
483
503
540
569
596
635
673
700
722
752
770
776
783
793
789
779
778
772
756
741
735
719
698
686
678
661
646
644
636
622
615
618
611
601
603
593
586
590
583
572
568
569
559
550
556
556
550
549
558
557
551
561
568
565
566
577
578
574
580
588
585
582
588
589
581
578
582
577
567
568
569
559
551
555
549
536
535
537
528
520
524
521
512
506
511
504
494
496
498
491
487
495
493
484
483
487
480
471
481
484
479
479
486
481
473
477
479
473
469
478
479
472
476
482
476
469
474
475
467
465
473
470
462
466
467
460
454
461
458
450
451
457
452
446
452
454
446
443
450
446
440
446
452
452
459
483
503
523
556
597
629
659
698
729
747
767
791
799
797
805
808
798
786
785
773
753
741
734
717
698
691
682
666
656
657
649
639
641
642
634
628
635
633
625
624
626
616
605
608
603
590
584
587
583
575
579
583
577
575
585
586
580
584
593
591
589
599
595
594
600
594
585
586
587
577
568
570
565
552
547
547
538
526
526
525
514
508
511
505
494
494
495
486
480
484
481
473
471
476
472
464
468
470
463
460
468
464
457
461
465
460
454
460
461
453
453
460
456
449
455
457
451
450
457
453
447
451
456
450
444
449
449
441
441
447
444
438
443
444
438
436
440
439
433
438
450
457
471
502
531
557
594
637
667
691
724
749
762
773
790
795
788
789
788
773
760
754
742
723
711
706
689
672
668
662
649
641
644
639
631
633
636
631
625
630
628
619
614
615
605
593
594
590
579
572
576
572
564
567
572
569
567
578
582
578
581
592
592
589
598
603
597
594
600
597
589
586
588
578
569
571
566
556
551
554
548
536
537
537
527
522
526
521
512
513
516
508
502
508
507
501
500
505
503
496
501
504
498
495
503
500
494
496
502
498
493
501
502
495
494
500
499
492
495
499
493
489
497
495
488
488
492
486
480
486
487
480
479
486
482
475
478
481
475
473
483
489
493
512
542
567
595
638
676
706
736
772
794
807
827
843
843
840
845
837
822
813
810
795
776
770
760
743
731
728
719
707
707
710
703
699
705
706
697
699
705
699
691
697
696
685
678
679
668
653
653
652
642
636
642
640
633
635
641
636
632
642
646
643
644
654
655
651
656
661
654
649
652
649
639
635
638
629
618
619
613
604
597
599
592
582
584
583
576
569
572
567
557
556
560
555
549
554
555
547
544
550
546
539
544
547
540
536
544
543
536
537
543
539
533
538
539
534
533
539
535
529
531
534
528
523
529
528
520
520
525
519
512
517
516
512
511
517
515
509
512
515
512
512
528
542
556
586
624
658
690
734
770
796
822
852
866
875
887
896
891
883
885
874
857
846
839
821
805
799
789
773
763
762
753
742
742
743
738
734
742
740
736
737
742
737
728
731
727
716
708
708
698
686
683
682
673
667
673
672
667
668
673
671
667
675
679
675
675
686
687
682
686
691
686
680
683
679
668
664
665
657
647
648
645
635
628
629
623
613
612
613
604
599
603
600
592
590
592
587
580
583
585
578
575
581
578
570
571
575
569
564
569
567
559
557
562
557
552
556
557
551
548
555
555
549
552
556
550
546
552
553
544
542
546
540
532
537
539
532
528
534
530
523
525
529
526
523
533
541
548
568
600
629
660
704
745
775
804
839
860
872
889
903
903
899
900
894
878
867
861
844
826
818
807
791
779
777
768
755
752
753
746
739
746
746
741
740
745
743
735
737
735
725
716
717
708
694
690
688
678
669
670
669
659
659
665
662
656
663
668
665
663
672
673
668
670
677
673
669
673
671
659
653
653
645
633
633
635
624
617
618
611
600
598
599
593
586
589
589
581
578
583
577
568
570
572
564
561
568
566
558
559
561
554
549
556
557
551
551
557
554
546
550
552
546
543
549
547
541
542
548
544
538
543
543
536
534
540
536
527
533
534
526
523
528
526
518
520
524
519
514
519
518
512
509
517
516
516
532
550
569
596
638
675
708
748
790
816
838
866
882
888
896
903
898
888
885
878
861
845
839
824
803
795
788
774
760
760
755
745
741
747
742
735
740
745
740
738
745
742
730
726
724
711
700
701
696
684
679
682
674
663
665
664
657
655
666
668
665
669
675
671
665
673
674
670
671
678
676
668
670
669
660
649
652
644
633
632
634
627
617
619
615
603
600
604
598
589
592
594
587
581
584
580
571
569
573
568
563
570
570
563
561
566
561
554
559
562
557
553
562
560
552
552
557
551
544
551
552
546
546
551
547
540
544
547
541
538
546
544
537
539
543
537
530
535
535
526
525
529
524
516
519
522
515
512
518
518
511
517
523
521
524
541
559
578
609
654
692
728
773
813
839
862
889
902
907
914
922
917
906
907
897
878
862
854
838
818
813
807
793
782
783
777
766
764
766
761
754
760
761
757
755
760
754
744
743
740
730
720
721
716
703
700
701
692
682
684
682
677
676
683
681
676
681
684
678
674
681
682
677
680
687
681
675
678
676
667
662
666
659
648
648
647
635
627
629
622
610
607
608
601
592
596
594
584
581
587
583
573
577
579
573
568
574
574
567
566
571
565
558
565
565
559
557
562
559
551
555
557
551
548
556
554
546
547
552
545
539
544
546
539
537
543
539
532
536
539
533
529
535
534
527
527
533
527
519
524
524
517
515
520
517
509
513
515
509
504
512
513
509
515
530
541
556
592
629
662
703
752
791
820
853
882
895
907
925
930
924
920
920
907
889
883
870
851
836
831
818
799
792
787
774
764
766
763
754
753
760
756
748
756
756
748
743
748
742
731
729
730
717
705
705
698
683
679
681
675
669
673
676
668
666
672
669
663
669
676
675
672
679
680
671
669
672
665
655
657
656
644
637
639
633
620
618
617
607
596
600
596
584
582
586
579
569
572
570
560
556
563
560
549
551
555
546
539
544
542
532
531
537
532
523
530
532
524
520
526
523
514
518
521
514
508
514
514
506
507
512
507
500
505
505
499
496
502
498
491
494
496
490
486
492
491
482
482
490
485
479
483
484
475
469
477
474
467
471
475
468
463
468
467
460
463
474
478
485
512
541
568
606
653
693
728
769
805
826
844
867
877
876
878
882
871
857
852
842
822
807
800
785
765
757
751
737
725
726
719
708
701
708
701
693
698
699
692
690
694
687
677
675
673
663
654
656
652
643
640
646
637
631
635
637
631
630
639
639
634
639
644
639
636
643
642
635
635
639
633
625
626
623
612
605
607
600
587
586
585
575
566
567
562
551
548
550
542
533
537
536
528
525
530
524
518
518
519
511
506
511
509
503
502
507
501
494
500
501
493
490
497
494
487
490
493
487
482
487
486
479
478
484
479
473
479
480
472
469
476
472
464
466
470
466
462
469
467
460
460
465
460
456
460
462
455
451
456
454
447
449
453
446
441
449
450
443
444
453
452
453
472
493
516
548
595
633
668
711
752
778
798
826
841
845
852
860
854
841
839
831
810
793
788
771
751
741
732
715
700
696
688
674
667
670
664
656
660
661
654
650
655
650
639
639
640
631
622
625
621
612
610
615
610
608
612
607
606
616
615
610
615
622
617
615
622
621
616
616
620
614
605
606
601
592
585
587
581
567
569
567
556
547
549
543
535
531
534
527
519
523
524
515
510
515
510
500
504
508
501
496
502
501
492
491
495
491
483
488
489
483
481
487
484
476
480
484
479
474
481
480
473
474
479
473
466
470
471
465
463
470
468
460
463
466
460
456
462
462
454
454
460
454
446
451
450
441
437
444
441
433
436
439
433
428
435
435
429
433
446
452
466
497
531
562
651
688
719
756
789
806
817
836
847
860
876
891
889
879
876
867
846
829
822
804
784
773
765
749
735
733
725
712
709
711
705
697
700
698
688
682
684
678
666
665
664
654
646
650
648
639
640
646
641
636
644
647
642
642
651
650
645
649
655
652
647
654
653
643
641
644
636
625
624
623
611
604
606
595
583
582
581
570
561
565
560
548
544
547
538
529
532
532
523
519
522
518
509
511
514
506
500
507
505
497
496
502
497
490
494
495
487
484
491
488
481
485
491
486
482
488
487
481
480
486
479
475
481
481
473
469
473
471
463
465
468
461
455
463
461
454
453
458
453
446
450
451
443
439
446
443
438
449
467
480
501
539
575
604
642
684
714
737
767
787
794
800
812
810
800
796
791
771
756
748
732
709
693
685
666
645
640
629
612
603
604
594
581
579
579
570
562
563
558
545
541
544
537
529
536
539
536
536
549
550
548
558
568
571
574
588
595
593
598
607
605
608
607
599
596
600
594
583
583
584
572
563
567
562
552
550
552
544
533
534
532
519
513
517
511
499
502
504
496
489
495
491
482
481
486
482
476
482
482
474
470
474
470
461
465
469
463
459
466
465
458
458
464
460
454
462
463
456
453
460
457
450
453
457
451
446
452
453
446
448
455
450
444
449
450
443
441
444
425
401
400
409
421
445
489
533
573
620
672
709
739
775
801
811
821
834
832
821
819
812
792
771
759
739
712
695
683
663
640
632
620
588
588
578
565
565
564
557
547
551
547
535
528
530
520
509
511
511
505
503
513
514
511
519
531
532
535
553
561
560
567
579
579
576
583
586
577
571
575
568
556
554
554
542
532
534
529
515
508
513
503
491
493
489
479
471
475
469
457
456
460
454
446
454
453
444
443
450
444
434
440
442
435
430
438
435
426
430
436
430
425
434
436
429
431
439
436
430
439
442
435
433
443
440
432
436
441
437
433
441
441
432
432
440
434
427
437
443
444
452
482
510
540
588
641
682
724
777
815
842
868
895
905
907
917
920
908
893
890
873
847
832
818
794
771
764
748
727
715
711
696
681
680
678
667
662
669
666
655
655
657
647
636
639
632
619
614
620
614
603
610
612
605
604
618
620
618
629
642
642
642
656
662
657
659
669
664
655
660
660
648
638
640
629
613
609
608
595
584
587
580
567
560
561
552
541
544
544
533
527
533
528
517
517
519
510
502
509
509
500
501
507
501
491
496
497
491
489
498
497
489
493
499
492
485
493
493
486
486
496
492
486
492
493
485
482
490
490
483
487
495
489
482
489
489
482
487
504
517
536
577
622
661
707
765
809
842
884
920
939
952
972
979
973
971
969
954
931
918
905
880
859
849
831
807
795
789
770
755
755
750
738
736
742
736
729
733
735
726
720
723
716
703
700
699
689
677
680
676
666
664
671
669
662
670
676
671
673
682
685
682
689
697
696
694
702
701
692
688
690
681
668
668
663
651
642
642
634
620
617
617
606
596
599
595
583
580
584
578
568
572
571
561
557
564
561
553
556
560
555
548
555
555
547
546
553
549
542
550
552
547
543
550
548
539
543
549
544
539
546
546
536
537
543
538
531
538
542
535
533
540
539
529
532
539
537
539
560
582
601
634
678
714
744
786
821
843
863
892
902
904
914
919
910
897
897
886
866
855
849
831
811
804
795
777
765
765
758
744
746
749
741
736
742
741
734
733
739
733
722
725
723
710
699
703
695
682
682
686
678
671
676
675
668
670
678
676
670
679
684
680
681
691
690
684
687
692
684
676
682
679
667
663
667
654
643
644
642
630
622
627
623
611
612
615
605
596
599
589
586
591
584
575
580
580
570
565
571
568
559
561
566
559
554
561
561
551
550
557
553
544
551
553
547
543
551
548
539
543
548
539
535
542
541
532
529
539
532
524
531
533
525
523
532
530
522
528
535
533
536
560
583
604
640
687
723
756
803
839
860
881
907
916
916
927
931
921
910
908
897
876
864
842
822
819
811
794
784
787
779
766
766
770
763
758
766
765
759
759
764
756
744
745
742
728
720
722
715
701
701
701
692
684
691
689
680
683
690
686
679
688
691
684
682
693
691
684
689
694
687
682
689
685
676
672
676
667
656
658
655
643
635
638
631
618
617
618
608
601
607
604
594
593
599
592
583
590
591
583
580
588
584
574
576
579
570
564
571
571
562
562
569
563
555
562
564
557
555
564
562
555
560
564
556
550
558
558
551
549
557
551
544
551
551
542
538
545
541
532
537
541
533
527
534
533
525
527
535
536
538
560
583
603
636
682
721
754
798
837
861
896
945
977
992
1004
1003
1006
1001
999
991
971
957
951
935
914
906
900
885
872
874
869
857
854
857
850
843
848
847
840
836
843
836
823
823
823
810
799
799
790
777
774
777
768
759
764
764
756
754
761
758
752
757
762
757
753
761
760
752
755
761
752
743
748
746
734
728
732
724
711
710
708
696
688
690
685
672
670
672
662
651
656
655
644
639
644
639
629
631
633
624
619
625
622
612
612
616
609
601
608
607
598
596
603
599
591
597
600
592
586
592
589
581
582
586
580
574
579
579
571
568
575
571
562
567
572
564
559
566
564
554
553
557
550
541
547
547
538
534
540
534
524
527
530
523
521
532
536
538
557
586
611
641
688
730
763
799
840
864
879
902
918
921
920
929
923
906
899
893
876
857
852
841
820
808
804
791
773
772
769
758
751
757
754
745
746
750
742
735
738
737
724
720
721
711
698
696
696
685
678
684
680
672
676
683
678
673
681
682
676
677
685
682
676
682
684
677
672
678
674
663
662
663
655
645
648
643
631
626
629
620
608
610
610
600
592
595
591
580
581
583
575
569
575
576
566
564
569
564
555
560
561
554
550
557
554
546
549
552
546
540
547
546
538
538
544
540
534
538
538
530
527
534
532
523
526
531
524
519
525
524
515
515
520
517
510
515
516
508
504
513
508
499
500
503
497
492
499
498
489
487
492
486
479
485
489
485
487
503
516
529
559
596
629
665
712
751
779
810
841
859
866
882
887
880
874
875
865
846
835
827
807
787
782
767
749
738
735
723
709
708
704
694
688
692
687
680
682
685
676
666
670
663
652
646
647
639
628
631
630
623
621
628
625
619
623
629
625
623
634
635
631
632
639
635
627
632
632
623
620
625
619
607
604
604
593
582
585
580
568
565
567
558
549
549
548
537
530
536
531
522
524
526
517
509
514
511
502
500
505
501
492
496
498
490
486
492
488
479
482
486
480
473
479
478
468
467
474
468
460
464
467
460
457
465
463
455
460
464
458
453
460
460
452
451
457
451
444
449
450
440
437
444
439
432
437
442
436
431
439
437
428
428
433
430
425
437
450
461
482
520
549
578
619
661
690
715
747
767
772
782
795
793
783
784
777
758
743
736
718
694
683
674
652
635
631
618
595
595
583
570
573
573
562
556
559
552
538
537
537
526
518
524
524
517
518
529
528
525
537
545
544
548
563
567
565
573
581
578
575
582
581
572
571
577
569
558
561
558
547
540
543
534
521
521
521
510
501
507
502
490
488
490
482
473
479
479
468
464
470
464
454
456
457
450
443
450
448
440
441
447
441
432
438
440
432
429
437
434
427
430
435
428
423
431
430
422
422
429
425
417
422
424
415
410
417
413
403
406
409
402
395
401
399
390
386
391
384
373
377
379
375
382
401
415
430
463
501
531
563
605
636
653
675
698
704
705
717
720
711
702
702
690
671
660
651
630
609
604
590
571
561
559
545
530
529
525
513
505
511
505
492
494
495
484
473
476
471
461
461
468
464
460
469
477
475
478
492
495
493
504
517
518
518
530
533
527
526
531
524
513
516
515
503
496
499
492
477
475
474
462
454
457
454
443
441
443
434
422
427
426
416
411
419
415
407
410
414
405
398
404
402
391
392
398
393
385
392
394
386
384
394
392
384
391
398
392
389
397
396
388
389
394
390
384
391
393
386
383
391
389
381
386
390
383
380
386
386
377
376
384
382
381
399
418
434
461
502
534
562
601
635
655
674
700
716
720
729
740
735
725
724
716
699
684
679
664
643
635
627
609
595
593
585
570
567
570
563
556
562
565
556
552
558
553
541
540
540
529
521
526
523
515
515
523
520
516
527
534
532
536
551
554
553
562
570
566
561
570
570
562
561
565
557
545
546
543
530
522
525
518
507
507
508
497
489
492
487
476
475
480
474
464
469
469
459
456
460
457
449
452
455
449
443
451
449
441
443
451
446
440
447
450
443
442
451
449
441
445
450
444
441
449
450
443
444
450
445
438
445
449
443
441
449
446
438
442
448
447
451
474
495
515
549
591
624
652
692
724
743
764
790
801
801
810
815
805
792
791
780
759
748
741
723
705
701
692
676
664
666
657
645
646
648
640
634
642
641
631
631
634
627
616
621
618
606
599
605
599
588
591
593
587
582
594
596
592
598
610
610
608
620
626
622
624
634
633
621
625
627
618
610
614
610
598
594
597
587
575
578
576
563
557
561
554
543
545
547
540
534
541
540
531
531
536
530
523
530
531
523
521
528
524
515
519
524
518
514
524
524
517
520
528
523
513
522
525
517
517
525
522
513
518
522
515
511
518
518
510
512
519
514
508
516
519
517
525
551
572
594
633
674
707
739
779
806
823
846
870
878
878
888
890
878
871
868
853
833
825
817
801
782
781
773
756
751
751
742
733
737
739
733
731
741
738
729
732
733
723
715
719
712
699
695
694
682
671
673
671
662
658
667
667
663
670
677
674
671
682
685
680
685
695
692
686
692
689
676
669
672
666
655
658
659
649
640
643
637
624
622
623
616
608
613
612
604
599
603
598
588
590
592
585
581
590
590
582
582
586
580
572
578
581
576
574
584
582
573
576
579
572
568
576
576
568
571
577
571
565
570
570
562
560
567
565
557
562
566
559
553
558
556
549
552
563
566
573
601
627
651
684
729
763
790
828
861
881
895
916
925
920
923
926
914
900
899
890
872
852
837
818
814
809
796
786
789
784
774
774
779
774
767
772
773
765
764
767
762
750
750
746
731
721
722
716
702
701
705
698
690
696
696
688
686
694
692
687
694
701
698
697
707
707
699
702
705
697
688
692
689
677
671
673
664
653
652
649
639
632
636
632
622
621
623
614
604
609
609
598
596
603
598
589
593
595
587
581
589
586
577
580
586
579
572
578
578
569
567
574
571
564
570
574
567
563
570
565
556
557
562
556
549
555
553
544
540
546
540
531
536
540
534
530
538
535
527
529
536
537
541
563
588
610
644
689
724
753
795
827
846
864
889
901
900
906
912
901
887
884
874
853
839
835
820
802
795
787
772
759
760
754
745
746
752
745
739
744
743
736
733
740
734
723
723
719
705
690
692
684
671
670
674
667
659
666
665
657
656
664
661
655
662
667
661
659
669
668
659
661
666
658
650
655
651
639
634
637
629
618
618
616
604
596
599
594
583
583
584
575
566
569
566
556
554
559
553
544
548
551
544
539
545
542
534
534
540
535
530
538
535
529
529
534
530
523
529
531
525
522
531
528
519
520
525
519
512
519
518
510
509
519
514
508
512
515
506
501
506
502
494
496
501
494
489
494
493
484
483
491
490
492
509
530
548
575
618
655
690
733
776
805
828
876
918
943
965
986
987
980
982
978
962
949
947
935
916
906
901
886
873
874
868
857
853
850
840
843
844
836
832
839
833
822
820
819
807
793
792
785
770
763
765
756
747
748
748
740
736
744
743
737
741
749
745
741
750
751
744
745
752
749
741
744
743
733
725
728
722
710
707
707
697
686
689
685
675
671
674
668
658
660
661
653
647
653
650
641
641
645
637
628
633
632
623
623
630
624
616
620
622
615
611
618
616
608
610
614
608
599
605
603
594
592
598
592
585
589
591
583
579
587
584
577
580
586
582
577
586
586
577
575
582
577
568
572
572
564
557
563
558
548
549
551
545
538
545
546
541
543
555
562
571
600
633
662
697
748
789
820
859
894
914
928
948
957
955
955
959
950
934
928
919
899
882
876
860
841
835
832
819
807
808
803
793
788
794
790
784
790
792
785
780
782
774
761
755
753
740
726
726
720
707
703
705
699
690
695
699
693
693
703
705
699
703
708
703
698
703
702
694
692
697
689
678
678
675
665
658
662
657
646
645
645
636
626
628
625
615
613
616
609
600
600
601
591
586
591
586
577
576
578
571
564
570
569
559
558
562
555
546
549
550
542
538
543
540
530
532
535
528
522
527
525
518
516
520
513
506
509
508
501
498
503
501
493
494
496
488
482
486
485
478
478
483
478
470
472
473
466
462
467
463
454
458
462
456
451
456
453
443
443
453
457
468
497
529
558
594
639
676
704
741
778
800
817
840
849
848
846
848
838
824
819
809
792
778
771
754
733
724
716
702
690
692
688
680
677
680
674
666
669
671
661
655
659
