499
492
492
494
490
486
488
487
482
479
481
478
474
475
476
471
468
470
468
462
461
464
460
455
457
457
453
452
454
452
448
449
450
446
441
444
443
436
434
436
432
426
427
427
422
420
424
422
417
418
420
418
420
432
446
460
484
515
542
572
606
637
661
684
709
724
731
739
744
740
733
731
722
706
696
687
672
656
648
637
623
611
607
597
587
583
581
575
568
570
567
559
557
556
549
541
541
539
533
526
531
528
525
526
530
529
529
537
542
542
546
553
554
552
557
560
556
555
558
556
551
551
549
543
535
534
529
521
517
518
513
505
502
499
490
485
485
481
474
471
471
465
459
460
457
449
446
448
445
441
442
442
438
437
439
437
432
433
434
431
428
431
431
428
426
430
427
423
426
427
424
423
428
427
423
424
426
424
420
422
423
420
419
423
422
416
417
418
414
413
416
414
408
409
409
407
402
404
405
403
408
421
434
451
479
508
535
564
598
625
645
667
688
700
707
717
720
714
711
707
695
680
671
661
647
633
626
615
600
593
587
577
568
567
564
558
556
556
552
544
543
540
534
528
530
527
523
524
527
525
524
531
536
536
541
550
554
555
563
569
570
571
578
580
577
577
580
577
572
573
570
564
559
559
552
544
543
541
534
530
531
526
519
516
516
510
505
505
505
499
497
499
496
490
490
489
485
482
486
485
481
480
484
480
476
479
480
477
476
480
479
475
477
479
476
473
478
479
475
477
482
479
476
479
480
475
476
480
476
472
473
475
472
470
473
473
469
470
473
471
469
473
478
481
492
513
534
555
589
622
653
682
712
741
759
778
796
803
803
808
809
800
792
787
775
761
751
742
727
713
706
697
684
678
676
669
662
661
660
655
653
655
654
649
649
651
644
637
636
632
624
620
619
613
608
611
612
610
607
614
614
611
614
619
617
619
625
628
626
627
631
628
623
624
623
618
615
616
611
599
596
588
580
580
576
569
566
566
561
554
553
551
546
542
545
544
539
540
540
536
531
534
533
529
529
531
529
525
526
526
523
519
522
520
515
516
519
516
511
515
515
511
510
513
512
508
510
513
509
506
510
508
503
503
506
503
499
502
501
495
494
497
495
490
492
494
489
486
491
491
490
495
509
522
541
571
604
634
669
708
738
763
792
815
829
837
849
852
848
845
844
834
819
811
802
787
775
768
758
744
738
734
725
717
717
715
710
708
713
712
707
711
712
706
703
704
699
690
688
687
677
670
670
666
659
656
658
655
651
655
656
653
653
657
656
653
656
659
657
655
659
659
654
652
653
649
642
643
641
635
629
629
623
616
615
612
605
599
599
596
588
585
586
582
576
576
576
570
567
569
568
562
562
565
560
556
558
557
552
549
553
551
547
551
551
546
544
547
545
540
540
544
539
536
538
539
534
533
537
535
531
532
533
529
528
532
531
526
526
529
525
519
521
519
514
511
514
512
507
508
508
503
500
504
504
500
507
516
524
537
561
588
614
649
687
720
745
775
801
816
839
868
884
890
898
900
891
880
873
863
846
835
826
813
799
792
786
775
767
766
761
754
754
754
750
746
749
749
743
740
740
735
726
724
721
713
704
704
701
693
692
694
690
685
688
689
685
685
688
688
684
688
690
687
686
689
687
683
682
683
677
670
669
666
658
653
652
645
638
634
631
622
615
615
610
603
601
601
597
590
591
590
584
580
581
577
571
571
572
569
565
567
563
557
556
558
555
550
553
553
550
548
550
547
541
542
544
540
537
539
539
533
534
535
531
527
529
529
525
523
525
523
518
517
518
514
510
514
513
507
506
509
505
499
500
499
495
492
494
491
486
485
488
483
479
482
483
481
486
498
511
527
556
587
616
648
685
714
737
763
785
797
804
816
819
813
809
806
796
782
773
762
747
735
728
716
704
697
691
683
674
674
672
665
664
667
665
660
662
662
657
652
652
648
639
637
636
629
623
624
622
619
617
621
620
618
621
625
624
623
629
629
625
628
633
631
627
630
629
623
620
620
614
607
606
605
599
592
592
588
579
576
574
569
562
562
560
555
550
553
548
541
541
542
537
535
538
538
533
532
535
530
526
527
525
521
519
522
519
516
517
517
513
510
512
513
509
509
512
509
506
508
508
505
501
503
502
496
498
500
495
491
494
491
486
484
486
483
479
482
482
477
475
478
475
469
469
469
466
460
462
460
455
454
456
453
447
450
449
445
443
447
446
442
446
454
461
472
498
524
550
582
618
647
674
702
726
738
749
763
767
764
764
762
752
740
732
721
705
693
685
672
658
651
643
632
624
623
618
612
610
612
608
604
607
607
601
597
597
590
581
580
577
571
568
571
568
563
564
568
568
567
573
576
575
578
584
582
582
585
588
585
582
587
585
579
577
575
570
563
562
558
550
546
546
542
535
534
531
524
519
520
517
511
509
511
506
501
502
500
495
492
495
492
488
490
491
487
483
485
484
479
480
482
481
477
481
483
477
478
481
479
475
478
480
478
477
481
480
476
475
478
476
472
473
473
470
469
472
469
464
464
464
460
457
461
461
457
456
459
456
452
454
454
450
450
452
452
447
448
450
446
445
452
459
466
485
509
535
561
594
625
650
673
698
716
729
742
752
752
749
748
741
729
718
710
697
680
672
660
645
633
628
618
606
601
599
593
587
588
586
579
576
577
572
563
561
558
551
547
550
546
547
549
554
554
556
564
569
571
577
586
590
591
597
601
599
598
603
600
595
594
594
589
581
583
580
572
567
567
561
554
554
552
546
542
543
540
533
534
536
532
528
530
532
528
527
527
525
521
522
523
520
518
520
520
516
516
519
516
513
517
518
514
515
518
518
513
514
516
512
510
515
514
511
512
516
513
511
515
516
512
511
515
515
511
513
514
511
509
513
512
506
506
507
504
500
504
504
499
498
502
500
496
498
502
501
503
515
528
542
565
597
627
658
694
726
751
775
800
818
842
867
887
895
894
898
892
879
870
862
848
833
825
813
800
788
785
776
766
763
761
754
751
753
752
748
749
752
749
744
743
740
733
727
726
719
711
709
708
703
699
699
698
695
694
698
695
693
698
700
698
697
701
701
696
696
696
692
687
688
685
678
672
671
666
657
656
654
647
640
641
636
627
624
624
618
611
611
608
600
599
597
591
591
591
583
581
584
581
576
576
577
572
567
570
568
564
562
564
562
559
561
560
556
553
555
553
547
547
549
546
541
545
543
538
537
539
536
531
533
535
531
528
529
527
522
520
521
516
511
513
511
506
504
505
502
496
495
495
491
489
493
492
488
491
499
504
516
540
566
593
627
666
695
722
751
776
792
804
817
823
821
822
821
812
801
793
783
766
755
745
732
719
711
704
694
686
684
677
671
670
672
669
665
669
670
666
664
665
660
653
649
647
640
633
633
631
625
624
626
622
619
621
623
621
621
625
625
622
625
629
627
625
628
627
621
620
621
616
608
608
605
598
592
589
586
578
574
572
565
559
559
555
548
546
546
542
538
538
538
533
528
530
528
521
522
523
520
516
517
514
509
508
511
508
504
506
508
505
503
506
504
499
502
503
499
496
500
501
496
496
497
494
490
492
493
489
487
490
489
484
483
484
480
476
476
476
470
468
470
467
461
463
463
458
453
455
454
449
450
451
450
447
453
460
467
484
510
536
564
599
632
661
686
714
733
745
758
769
770
767
766
762
751
740
732
718
700
691
681
668
655
650
641
628
622
621
614
608
609
608
603
601
604
600
594
593
592
585
579
579
575
568
568
570
565
563
567
568
567
568
574
575
572
577
580
579
578
583
585
582
582
584
581
576
575
574
567
561
561
556
547
545
544
538
530
531
528
521
517
517
512
507
508
507
501
498
500
496
491
491
492
488
484
487
487
483
482
484
482
477
479
480
476
474
479
478
473
474
476
473
469
471
471
466
465
469
468
464
467
468
463
460
465
464
459
460
462
459
454
457
456
450
449
450
447
443
445
446
441
439
441
437
432
430
430
425
423
430
438
445
462
486
509
533
567
599
624
648
675
693
705
714
724
723
718
717
712
699
687
679
664
646
636
626
610
597
592
583
570
564
562
555
547
547
543
536
531
530
524
515
515
513
507
502
505
504
502
505
510
512
512
520
525
526
529
539
541
541
547
554
553
551
554
555
550
550
551
546
540
541
539
531
526
526
521
512
511
509
503
496
498
495
488
486
487
482
476
478
477
471
470
473
471
465
466
466
460
455
457
455
450
451
454
448
444
447
449
444
441
448
448
445
449
452
448
446
450
450
447
446
449
448
444
446
446
441
439
442
440
436
437
440
436
433
437
437
433
433
437
434
431
434
435
431
429
434
434
434
444
460
476
497
528
560
585
615
647
670
688
709
724
732
737
744
743
734
729
724
710
695
687
675
658
646
639
626
613
607
601
591
584
584
580
573
573
573
568
561
561
558
549
545
545
541
534
536
537
535
535
542
546
542
550
558
561
561
571
577
577
579
586
585
582
586
587
581
577
579
575
568
566
565
559
550
550
546
538
534
535
529
523
522
520
514
509
511
508
502
503
504
501
496
498
498
492
491
495
492
487
489
492
486
483
488
487
482
482
486
483
480
485
486
482
482
486
485
482
484
488
484
482
486
484
480
481
483
479
474
477
477
473
472
476
474
469
472
473
468
465
471
472
473
484
499
516
535
566
598
626
655
689
714
731
752
767
775
778
784
782
773
767
763
750
736
728
717
701
687
680
668
655
651
647
637
630
632
629
621
620
624
623
618
621
620
613
609
609
604
595
594
594
588
584
591
589
586
589
594
594
592
600
603
603
606
615
616
614
619
622
618
614
619
616
608
607
607
600
591
589
586
578
573
574
569
562
561
561
554
548
549
546
539
539
540
537
531
533
532
526
524
527
524
519
522
524
519
516
520
518
513
512
515
510
509
512
513
510
509
513
512
508
509
513
508
505
511
511
507
507
510
508
503
505
505
501
498
501
501
497
498
502
498
496
499
498
496
501
513
524
538
565
594
621
651
688
717
739
764
787
799
809
820
823
817
815
813
802
789
781
772
755
741
735
723
708
699
694
685
678
678
674
667
665
668
666
661
664
666
661
657
660
656
646
644
641
632
624
624
622
615
613
617
614
611
613
615
613
613
619
620
616
622
628
626
624
629
628
623
622
625
620
612
612
610
595
594
590
581
579
578
572
566
567
565
558
555
557
554
546
549
549
543
540
543
541
536
537
539
534
530
533
533
529
529
533
531
526
528
530
526
523
526
526
522
522
525
522
519
522
522
519
517
522
520
516
517
519
514
510
513
512
506
505
507
504
499
502
503
497
497
501
497
494
496
500
500
502
516
530
547
574
605
637
668
706
741
779
818
853
873
884
894
901
899
895
893
883
870
849
835
819
812
802
789
779
775
767
758
756
755
750
747
751
750
748
749
753
749
744
747
744
735
730
729
722
712
709
707
700
695
696
692
686
686
690
687
684
690
692
689
689
695
694
690
694
695
693
688
691
689
681
677
677
671
664
663
659
652
647
647
641
632
632
630
623
618
618
616
609
608
610
605
599
601
600
593
592
595
593
588
588
589
586
582
585
584
579
578
581
577
574
576
576
571
570
574
570
566
567
568
565
560
564
563
558
557
561
557
554
557
558
553
552
555
553
548
549
550
545
542
544
543
535
534
536
533
528
531
532
526
524
529
527
523
527
531
534
541
559
581
603
634
674
709
740
775
804
825
843
862
872
874
878
880
873
864
860
850
835
823
813
800
785
779
771
759
750
747
738
730
730
730
725
722
727
726
725
724
727
722
716
716
713
705
698
697
689
678
677
676
669
663
665
665
659
659
664
663
659
662
664
660
659
662
661
657
656
659
653
647
648
644
636
632
633
627
619
620
617
609
603
604
599
592
591
590
585
578
578
576
570
567
568
564
560
560
561
555
552
554
551
546
547
548
545
540
544
544
538
538
540
537
531
535
534
530
528
531
530
527
530
533
529
524
526
525
520
520
523
520
515
516
516
512
508
511
510
504
506
507
506
504
507
507
501
498
503
500
496
499
500
495
492
494
493
487
489
489
487
483
486
486
481
481
487
488
493
510
532
554
582
621
656
688
721
754
775
791
811
824
826
830
832
828
817
809
799
784
770
762
749
733
724
717
704
691
688
682
673
669
669
666
661
664
666
662
660
662
659
651
650
648
641
633
633
630
623
619
621
618
612
614
616
613
613
619
619
615
617
622
621
618
622
624
620
618
619
615
608
609
606
600
596
596
592
583
580
579
572
564
565
562
555
551
552
547
540
540
540
534
530
532
530
523
523
526
522
518
520
521
515
513
516
514
509
511
513
508
505
509
509
504
504
508
506
502
506
506
502
500
504
502
498
500
502
497
493
498
496
491
491
494
491
489
491
491
486
485
488
486
481
484
485
480
478
481
481
475
475
477
472
467
471
468
463
462
465
462
459
460
462
458
455
459
459
459
467
483
497
517
550
582
612
646
682
710
732
755
776
786
791
802
802
796
791
787
775
761
753
742
724
710
704
690
675
667
661
651
643
643
638
629
628
630
628
622
625
625
620
616
618
612
604
603
601
594
588
591
590
585
587
591
590
587
591
594
591
593
600
600
605
609
605
601
606
603
597
596
596
590
583
583
579
571
565
564
558
550
547
547
540
535
537
532
526
524
525
520
514
516
516
510
505
510
508
501
502
503
497
493
498
497
492
492
496
492
488
491
492
487
485
490
487
483
486
488
485
481
485
485
479
480
484
480
477
481
482
477
475
478
475
469
470
472
469
466
471
470
463
464
466
461
455
459
458
454
453
457
453
446
447
450
445
442
447
446
440
440
444
440
435
438
440
438
442
456
470
487
516
549
579
611
652
683
708
732
756
769
777
789
792
787
783
780
768
752
744
733
718
700
693
682
667
655
650
639
629
628
624
618
613
615
612
605
606
607
601
596
597
593
586
582
582
578
572
575
576
572
573
579
581
578
583
588
586
586
593
594
593
597
599
596
599
599
592
589
591
585
579
578
576
570
563
564
558
549
544
544
539
532
533
531
523
519
521
517
510
512
514
509
505
508
508
501
501
504
499
494
498
498
493
491
495
493
487
488
491
486
483
488
488
480
483
486
483
478
482
482
478
477
481
479
475
476
478
473
469
473
472
467
469
472
469
466
469
469
464
462
466
463
459
461
463
458
454
457
456
449
448
451
450
445
448
449
444
441
446
442
441
447
456
465
479
508
537
564
599
637
667
693
723
747
761
773
788
791
789
787
784
773
760
755
743
727
715
706
690
674
666
657
642
633
630
622
612
611
610
603
599
601
599
594
592
593
588
582
583
582
576
573
576
574
570
574
579
577
577
584
586
584
587
594
594
593
600
603
600
600
606
603
596
595
594
586
581
581
576
568
564
565
557
548
548
544
535
530
532
529
523
523
523
517
511
514
512
505
502
505
502
496
498
497
490
486
490
486
481
483
485
481
477
481
480
475
475
480
478
474
479
480
476
473
478
477
471
473
476
473
468
473
474
469
470
475
472
468
471
473
468
467
472
471
466
467
469
466
460
462
462
455
454
458
455
450
453
454
449
446
451
449
447
453
462
468
480
506
532
557
589
628
658
683
713
736
750
761
775
779
776
775
775
763
751
744
733
714
700
691
676
659
651
641
628
617
615
606
595
592
591
585
579
581
579
569
567
568
562
552
553
551
545
543
549
549
547
551
556
555
554
563
568
567
573
581
582
581
587
590
586
583
588
584
577
577
577
570
561
562
558
548
543
543
536
528
527
527
519
513
514
508
501
501
501
495
489
492
490
484
482
485
481
474
476
477
470
467
471
468
462
462
464
459
454
458
458
453
453
459
457
452
457
459
455
454
460
458
454
456
461
457
454
459
459
453
453
457
452
448
453
454
448
446
449
448
442
444
448
444
439
444
444
436
435
438
435
434
442
453
464
481
510
535
559
591
623
647
668
695
713
720
729
738
737
731
729
723
708
695
688
674
656
645
633
619
604
599
587
573
566
566
558
550
549
547
538
532
534
528
518
517
517
511
505
508
508
504
506
513
515
515
523
532
534
538
547
552
552
557
564
564
562
568
569
562
563
565
561
553
551
549
542
536
537
531
523
523
521
513
507
507
504
497
495
497
491
485
485
484
478
475
478
476
470
471
473
468
464
467
467
462
461
464
461
456
459
461
457
456
460
459
454
456
461
458
454
459
460
454
454
457
454
450
454
456
451
449
454
452
446
447
449
445
442
446
446
439
438
441
438
431
434
439
439
445
465
483
502
531
564
591
617
649
674
691
708
725
733
733
739
740
731
721
717
706
690
678
670
655
639
633
621
607
598
594
583
573
574
572
566
561
564
561
553
553
553
546
540
542
539
532
531
535
533
529
534
540
539
542
553
556
557
564
572
573
574
581
584
581
582
586
583
578
579
577
569
564
563
558
550
549
548
540
533
534
530
522
519
519
515
507
509
509
503
499
503
499
493
494
496
492
489
493
493
487
487
491
487
483
487
488
484
484
489
487
482
484
487
484
480
486
486
482
483
486
484
479
482
484
480
477
483
480
476
479
481
477
474
478
478
472
471
475
472
468
476
482
488
501
525
549
573
606
640
667
693
722
744
757
770
784
785
783
785
783
770
760
755
742
724
714
705
691
676
670
662
650
643
643
634
625
626
625
619
618
622
620
612
613
614
608
601
603
599
591
590
594
591
588
593
595
592
593
603
603
608
616
616
617
624
626
622
623
627
624
620
621
619
611
605
603
598
587
583
581
572
565
563
561
554
550
550
545
537
539
538
532
529
533
531
524
525
526
521
517
521
521
514
514
516
513
507
510
513
507
507
512
512
507
511
516
512
509
515
514
509
511
515
511
507
511
513
507
502
509
507
502
504
508
503
500
505
504
498
498
504
504
504
517
532
547
571
606
636
663
696
726
748
766
790
804
809
816
823
819
811
808
801
786
772
767
753
738
729
720
707
696
692
685
675
670
673
669
663
667
669
664
663
666
663
658
657
657
649
641
640
636
626
625
625
621
616
620
622
618
618
624
623
621
625
632
632
631
639
641
638
637
642
639
630
632
629
621
616
617
611
599
598
590
582
583
580
573
570
572
568
561
562
561
555
552
555
551
545
546
547
543
539
542
541
534
534
537
533
528
531
533
528
527
531
529
525
528
531
529
525
529
529
525
525
528
526
520
523
525
520
519
523
521
516
517
520
516
513
518
518
513
512
517
515
511
518
526
533
548
576
603
629
664
700
727
750
778
799
810
821
834
835
832
834
828
817
806
798
786
770
759
750
737
723
719
712
702
697
696
691
684
687
689
686
685
688
687
681
681
681
674
668
668
664
655
650
649
644
637
639
639
634
633
640
640
637
640
645
643
642
649
652
648
650
655
653
648
650
650
642
637
639
633
625
623
621
614
607
606
593
589
591
585
578
581
580
574
571
572
568
562
563
565
561
557
560
561
554
553
556
553
549
552
554
549
548
552
550
545
546
546
542
539
543
543
538
538
542
538
535
537
538
534
532
538
536
532
533
537
531
530
533
531
525
523
530
530
528
533
534
528
527
531
529
524
527
533
534
539
556
574
593
621
659
690
720
756
785
808
828
850
861
864
869
873
867
859
855
847
833
822
814
801
785
778
769
759
750
749
743
733
741
756
760
762
772
775
771
772
776
771
766
765
762
754
748
747
740
730
728
727
721
715
718
718
711
711
715
712
707
712
716
712
711
717
715
710
712
715
711
706
709
707
699
695
695
687
679
679
677
668
662
662
657
648
646
647
640
633
636
635
629
626
629
625
619
620
620
614
611
614
611
605
606
607
598
601
601
596
595
598
596
591
593
596
591
588
592
589
584
585
586
581
579
584
583
577
573
577
573
569
572
573
568
565
570
568
562
563
565
561
557
560
558
551
551
553
549
543
546
546
541
538
543
541
538
540
546
548
556
577
600
623
655
693
726
755
788
816
835
851
870
881
894
911
920
918
911
908
899
883
874
866
852
837
831
823
810
800
800
795
786
785
786
781
778
783
783
776
776
777
773
765
764
763
752
746
745
738
729
725
726
721
715
718
719
714
713
718
716
713
716
719
715
713
718
718
713
714
715
710
704
704
702
694
688
689
682
673
672
668
660
654
656
650
642
641
641
635
628
630
628
621
618
620
615
610
612
613
606
606
596
596
598
593
589
593
593
587
586
590
587
582
584
584
580
577
582
578
572
574
574
569
564
568
567
561
559
562
560
555
557
557
552
549
552
550
544
545
547
542
537
541
540
533
532
535
532
525
527
527
522
518
521
519
513
514
516
511
508
512
511
509
511
521
529
541
565
593
620
652
691
724
750
777
805
820
829
843
848
846
844
844
835
821
812
802
786
771
763
750
735
728
721
710
701
700
696
687
686
690
688
682
684
685
680
675
676
672
663
659
659
649
641
642
640
633
630
634
631
628
631
634
631
630
637
638
634
638
643
639
636
640
640
634
632
634
629
621
621
620
611
605
606
601
593
591
590
584
575
576
572
567
559
564
560
552
553
553
546
542
545
544
538
538
540
536
532
535
533
528
525
529
527
521
523
526
521
518
522
522
517
517
521
518
515
520
520
515
511
515
513
506
509
510
506
502
506
505
498
497
502
497
492
494
495
489
489
491
489
483
485
485
480
476
480
478
471
471
475
470
465
468
468
462
463
467
465
459
463
469
472
479
499
520
541
572
611
641
671
705
732
750
767
786
794
793
801
802
792
781
777
766
749
738
728
712
696
690
680
666
657
654
646
637
636
636
630
626
630
629
622
622
625
617
610
610
608
599
594
597
593
587
589
591
588
584
591
592
591
594
600
600
597
604
606
603
607
606
600
601
601
594
588
588
584
575
572
571
564
556
555
553
544
539
540
534
526
524
524
518
512
515
513
505
504
506
501
496
498
497
492
489
493
490
484
486
487
482
478
482
483
474
476
480
476
471
475
475
471
469
473
471
466
467
470
465
461
464
463
458
459
461
460
454
457
458
452
450
454
452
445
448
448
444
439
442
440
433
432
434
430
424
426
427
422
420
424
419
415
415
418
414
413
422
432
440
461
490
517
545
583
617
643
671
700
718
729
743
753
752
750
749
743
730
720
712
697
679
671
659
642
630
624
613
601
597
596
587
580
582
579
573
573
574
569
563
564
563
553
547
549
543
536
537
540
537
534
541
544
542
544
552
552
551
558
563
562
562
570
569
565
566
568
562
556
558
554
546
543
543
535
525
523
519
509
501
501
495
486
485
484
476
467
469
465
457
455
457
453
446
447
446
441
437
439
438
432
432
435
432
427
430
430
423
423
428
425
422
424
427
423
421
425
423
417
417
421
419
417
422
421
417
416
420
417
411
413
416
411
410
414
413
407
407
408
404
399
403
404
399
398
402
399
392
393
394
388
385
388
390
392
403
423
438
459
490
521
548
579
612
636
655
676
693
699
703
709
705
697
691
686
673
657
650
638
620
607
599
585
570
563
558
548
541
540
535
527
525
524
518
512
512
509
498
495
498
494
488
491
493
491
491
498
502
502
509
518
521
523
532
537
538
540
546
548
543
544
545
539
533
535
529
520
515
515
508
501
501
498
489
484
484
478
471
470
470
462
457
459
456
448
447
448
444
439
441
442
437
435
438
435
429
431
431
428
426
430
430
426
425
430
427
422
426
428
425
425
430
429
425
428
430
427
425
429
429
424
424
429
426
423
425
425
419
417
420
418
415
417
419
415
410
413
412
406
406
413
415
420
438
458
477
502
537
566
591
621
650
669
685
704
714
715
718
722
715
703
698
689
673
659
652
637
619
610
589
576
572
565
555
550
549
544
536
537
537
529
524
526
521
513
511
510
505
502
506
506
503
505
514
516
517
525
533
534
539
549
553
554
558
565
564
561
564
564
557
554
555
547
540
538
536
527
520
521
516
508
505
505
499
493
494
492
484
483
486
482
476
477
477
473
469
473
471
466
467
470
465
461
464
464
460
458
463
461
456
459
462
459
457
461
461
457
459
464
462
459
463
463
459
458
463
461
455
458
460
456
455
459
458
453
454
457
453
449
454
455
453
459
473
485
500
529
561
588
617
653
679
698
721
742
752
758
768
771
766
759
756
747
731
722
713
697
682
674
663
649
640
637
627
616
616
613
606
601
606
603
599
600
600
594
587
588
583
576
572
573
569
565
568
570
567
565
573
574
574
581
589
590
590
600
603
603
604
609
606
603
605
604
597
593
595
588
578
575
573
564
556
557
553
546
543
545
539
531
532
530
523
520
523
523
517
516
521
515
509
511
511
505
505
511
509
505
508
508
502
501
506
504
500
503
507
504
502
507
506
500
500
504
502
499
503
503
500
497
500
498
493
495
498
496
493
497
497
493
491
496
495
493
507
522
536
558
592
622
649
682
716
738
756
781
797
804
811
819
817
809
807
800
787
774
766
755
739
730
721
709
697
692
686
678
672
674
670
664
666
669
664
663
667
665
659
657
656
650
641
642
638
629
625
627
624
619
622
623
620
620
626
627
623
627
633
632
630
637
639
636
635
640
638
631
630
629
622
616
616
612
598
598
590
581
582
579
572
567
568
564
556
556
558
551
546
549
548
541
539
544
540
535
537
537
532
531
533
532
527
529
532
528
525
529
528
525
524
529
527
523
527
527
523
522
527
523
519
521
523
518
515
517
517
511
509
512
510
506
508
507
502
500
505
504
502
515
531
546
567
600
633
663
697
730
756
776
800
818
826
831
840
837
830
826
820
808
794
786
775
760
749
743
731
718
713
708
698
693
694
690
684
684
687
683
681
684
684
677
674
675
667
659
657
654
645
638
637
633
627
626
627
624
620
624
626
623
625
630
629
627
631
635
632
630
637
635
631
630
631
626
620
620
617
609
604
604
598
589
588
587
578
572
574
570
565
563
563
559
554
555
555
549
547
550
546
542
543
544
540
537
540
537
532
532
534
531
526
528
528
522
521
523
521
517
518
520
516
513
518
517
513
515
519
516
512
516
516
511
510
514
511
505
507
507
502
499
503
501
496
497
502
498
493
497
500
499
505
521
536
555
585
619
652
684
721
751
774
798
819
831
836
845
848
842
837
833
821
806
798
789
774
761
755
745
732
723
719
713
703
702
700
695
693
697
695
690
694
695
690
686
688
684
676
670
668
662
653
651
648
641
637
639
637
632
634
638
635
633
638
639
636
638
643
642
639
643
645
639
636
637
635
627
627
627
619
612
611
606
598
594
594
589
581
580
578
573
568
569
566
559
560
560
556
552
556
555
550
548
550
548
543
544
545
541
537
542
540
535
536
539
535
531
536
536
532
531
535
534
529
531
533
529
526
530
530
526
527
529
526
522
525
526
521
520
524
522
517
520
521
517
513
516
513
508
508
512
509
504
506
506
501
500
505
505
502
510
521
531
547
577
607
634
670
708
738
764
794
818
830
842
853
856
850
849
846
833
821
816
803
786
774
766
753
740
732
729
718
711
710
705
699
698
700
697
693
696
695
688
686
687
681
673
671
667
660
654
654
650
643
643
645
642
640
644
644
641
641
647
646
644
648
649
646
643
647
644
637
639
638
632
625
627
624
616
611
609
604
597
596
594
586
581
582
577
570
567
567
561
556
559
558
551
549
552
549
544
544
546
541
538
543
540
535
536
538
535
531
534
535
529
528
533
530
525
529
530
524
522
527
525
521
518
522
519
515
519
520
514
512
515
513
508
511
512
508
505
508
508
500
500
502
497
493
496
496
491
491
494
490
485
487
489
485
483
491
495
499
512
534
555
578
617
650
679
710
743
766
780
800
814
818
818
822
819
808
800
794
781
763
756
744
728
715
710
699
686
682
678
670
664
665
665
658
657
661
656
651
652
650
641
636
636
631
622
621
620
617
612
617
617
612
614
620
618
617
622
625
625
623
629
629
625
626
628
624
619
622
619
611
608
608
593
593
590
581
574
575
569
561
560
559
552
547
547
544
539
535
537
534
528
530
531
524
521
525
523
517
519
521
517
512
516
516
509
508
512
509
505
508
510
506
504
509
507
501
503
504
502
498
501
502
497
497
500
498
494
495
497
494
491
495
494
489
489
491
487
484
487
485
481
478
482
479
476
477
478
474
471
474
473
469
469
473
471
470
481
492
504
525
557
586
616
651
686
712
735
762
780
789
800
809
811
806
805
799
785
771
765
750
732
722
713
699
687
683
673
662
656
654
648
641
643
642
637
633
635
630
623
621
619
611
604
606
603
598
598
600
597
600
604
603
610
611
611
614
620
618
615
621
621
615
614
617
612
606
607
605
597
590
591
586
577
574
574
566
559
559
555
547
544
544
538
531
532
531
526
524
526
523
518
518
518
513
510
512
511
505
503
507
503
497
499
501
496
494
498
497
493
494
496
493
489
493
493
487
486
490
487
483
484
486
481
478
481
479
475
476
478
473
470
471
469
464
461
464
460
455
457
455
452
448
450
448
441
441
443
440
435
439
439
434
438
449
461
475
501
532
560
591
628
658
680
704
726
737
745
754
758
753
748
744
733
718
707
696
679
662
653
640
624
614
608
596
585
581
578
570
567
569
565
559
560
560
553
546
546
542
535
534
535
532
528
532
533
530
530
538
540
541
547
554
553
553
561
563
560
562
567
565
561
564
563
556
551
551
545
537
535
534
527
518
521
516
507
504
502
498
491
492
491
484
480
483
479
472
471
472
466
461
464
462
456
455
457
454
450
452
452
446
443
447
445
442
443
446
443
439
442
442
437
436
441
440
436
441
443
437
436
440
439
434
434
438
435
432
434
433
426
426
429
426
420
423
423
419
414
417
414
409
410
417
420
426
445
466
486
512
546
574
596
626
651
666
678
694
701
701
702
703
694
682
676
665
649
636
627
613
596
586
578
565
554
550
542
533
528
527
519
512
511
507
498
493
493
487
481
481
484
482
480
487
490
489
495
505
509
512
524
530
532
536
545
546
544
547
549
545
541
543
540
532
529
528
519
511
509
508
499
494
498
493
486
485
483
477
471
473
470
463
462
464
459
454
457
455
450
449
452
450
447
448
451
446
443
446
447
443
443
446
444
441
445
446
442
441
445
445
440
443
444
441
439
444
444
438
438
441
438
433
436
438
433
432
435
432
428
427
428
422
418
423
428
433
447
469
490
512
543
573
596
621
649
668
680
696
708
711
709
712
708
698
689
684
672
657
649
639
623
610
605
595
581
576
573
566
558
559
557
549
546
546
540
532
531
529
522
516
518
517
513
516
521
521
522
530
535
537
543
552
555
556
562
569
567
567
572
570
564
565
565
560
551
550
546
538
532
532
525
518
516
512
504
498
499
493
486
483
483
477
472
472
470
464
462
464
461
456
460
461
457
454
458
458
455
456
460
457
456
460
461
457
456
460
458
454
456
458
455
455
458
458
453
453
456
453
450
453
456
452
451
454
452
447
447
450
446
449
460
472
486
508
536
562
587
620
648
669
691
714
729
736
746
754
751
747
746
738
727
719
712
700
684
678
669
655
646
642
635
626
624
624
618
613
616
615
609
608
609
604
596
596
590
584
579
580
576
569
569
573
570
568
575
576
577
582
589
591
590
597
601
601
607
607
595
589
589
584
574
570
569
563
555
554
551
544
539
541
537
530
530
530
525
522
522
520
515
513
516
511
511
513
513
510
507
509
507
504
506
508
506
504
508
508
504
503
506
504
501
504
505
502
502
504
503
498
500
502
499
495
498
497
494
493
495
492
489
493
498
502
512
535
556
579
610
641
670
696
724
748
763
779
793
798
797
800
797
789
779
773
762
748
738
731
719
706
702
694
685
680
679
675
671
674
676
675
675
679
678
675
675
675
669
662
661
656
647
641
640
635
629
629
630
626
625
631
631
628
631
635
634
634
639
641
642
643
647
645
640
640
641
635
629
628
623
614
610
608
595
595
591
584
580
580
576
570
570
570
565
561
564
561
555
555
556
553
550
549
550
545
544
546
544
541
542
544
541
538
543
541
538
538
541
538
535
539
539
536
534
537
534
529
531
531
528
526
529
527
525
524
525
522
519
524
528
532
544
562
583
608
639
673
700
728
756
779
796
811
828
833
834
837
835
828
819
814
802
789
780
772
760
748
746
738
728
723
722
716
712
714
715
713
712
714
713
709
709
709
702
694
692
688
678
672
669
662
654
655
653
649
648
652
652
649
652
654
653
652
658
658
656
657
661
659
657
659
657
651
646
646
641
634
632
631
625
618
616
613
605
601
601
595
591
590
588
583
579
580
575
571
571
571
567
565
565
565
560
559
562
559
556
558
559
555
553
556
554
552
552
556
553
550
553
552
549
550
553
551
547
550
550
545
542
544
542
540
541
542
540
535
539
538
534
532
535
533
531
538
547
555
571
597
623
650
683
719
747
773
801
822
836
848
860
862
860
862
848
837
832
820
807
799
791
778
769
765
761
752
749
750
746
740
742
743
741
739
742
742
736
735
733
725
717
714
708
698
691
689
684
676
678
678
672
671
673
674
672
675
678
678
676
680
682
676
678
680
678
674
675
672
668
663
663
659
652
648
647
640
633
633
630
623
618
620
614
607
605
605
600
596
598
596
591
591
592
587
583
586
585
580
580
583
580
575
577
578
574
570
574
570
567
567
568
564
561
562
562
558
556
558
554
550
550
553
548
546
548
546
541
540
541
537
533
535
533
528
525
526
521
514
512
511
506
503
504
502
497
496
498
495
491
496
501
505
515
534
556
580
613
648
679
710
746
773
793
813
830
838
841
846
844
837
831
827
816
802
793
785
770
759
754
747
736
732
733
727
722
726
726
722
721
724
723
719
720
720
714
709
706
698
688
682
677
670
662
660
655
651
646
650
647
642
645
648
646
646
650
650
647
647
650
647
643
644
643
638
634
636
629
621
619
616
609
597
590
587
585
579
573
573
571
565
562
564
561
556
556
556
551
548
549
547
542
541
542
539
534
536
535
531
528
531
529
525
527
529
525
522
525
525
521
520
522
518
514
516
516
511
510
512
511
506
506
508
504
501
504
503
498
498
500
497
492
494
493
490
487
490
487
483
483
483
479
475
477
475
470
469
471
467
463
465
466
461
459
463
463
461
465
474
483
496
523
551
579
613
651
682
711
739
764
781
793
807
812
811
810
808
799
788
780
771
755
743
737
724
713
706
702
693
687
687
685
679
679
681
679
676
680
679
675
672
672
665
656
654
649
640
633
633
627
622
620
621
618
615
620
621
618
619
625
624
621
626
628
625
624
629
626
620
620
620
615
609
608
605
597
592
591
584
576
576
572
566
562
562
557
551
550
550
544
539
541
539
534
532
534
531
527
526
527
523
520
523
522
517
519
521
518
514
517
516
512
512
514
513
509
511
512
508
504
508
506
501
502
504
502
497
499
498
493
490
493
492
487
488
489
486
482
485
483
479
479
480
476
472
475
474
470
468
470
467
462
462
461
457
454
458
456
451
451
452
449
446
448
451
447
449
457
463
472
493
519
543
575
612
644
673
703
732
752
766
781
790
792
792
794
788
777
768
760
745
730
721
709
694
685
679
671
661
659
654
647
645
649
646
642
644
644
641
635
636
631
622
618
615
608
601
601
600
595
593
597
596
591
596
598
597
597
604
603
605
608
606
603
605
604
599
595
596
591
585
583
581
574
568
566
561
553
551
550
544
539
538
533
528
524
525
521
516
517
517
512
508
509
507
503
502
504
499
496
499
498
493
491
493
491
488
489
490
487
485
489
488
484
485
487
484
481
485
485
480
479
482
479
474
475
475
470
467
470
469
465
465
467
463
459
461
460
457
456
458
456
452
452
452
447
444
446
443
436
439
440
437
433
435
433
431
429
432
429
425
428
432
432
437
450
464
481
507
540
571
604
640
673
698
721
746
759
767
777
782
779
774
771
764
750
739
730
717
701
692
681
667
658
653
645
636
635
632
626
621
623
623
618
618
619
614
608
608
603
595
590
589
585
580
582
584
580
580
584
585
582
585
591
591
591
597
599
597
597
600
599
594
594
595
590
585
584
580
573
570
568
561
554
552
548
542
538
537
532
525
524
522
516
512
514
512
506
504
506
503
499
500
499
494
491
493
492
489
490
491
488
485
487
486
480
482
485
484
481
483
483
478
477
479
479
476
478
478
475
472
474
472
470
470
471
469
464
465
465
461
460
464
461
458
457
457
453
451
453
451
447
448
449
445
441
442
442
438
436
438
436
431
433
434
432
431
436
442
449
467
492
520
548
584
620
650
679
710
732
748
766
778
783
783
785
781
769
761
752
737
721
712
700
685
672
664
652
640
635
630
622
616
616
613
609
608
609
604
599
599
596
588
583
582
577
572
571
572
569
566
569
571
570
573
578
579
580
585
589
588
587
592
592
589
591
592
590
586
585
581
572
568
566
561
554
554
550
542
535
534
527
518
517
516
511
507
508
506
499
496
496
492
488
489
488
484
482
483
480
475
473
473
469
465
468
468
465
464
466
463
459
461
462
460
459
462
461
457
457
460
456
452
455
454
451
450
453
450
447
447
446
444
441
443
440
435
436
437
432
430
430
429
423
421
422
419
415
418
417
412
409
410
407
402
401
403
401
404
417
433
450
475
506
535
564
599
634
660
686
714
732
742
751
757
754
749
748
742
729
717
708
691
673
661
649
635
623
617
607
595
590
587
578
571
569
568
561
559
559
552
543
539
535
526
519
521
519
514
516
521
518
520
526
529
528
531
539
541
541
547
551
549
548
552
550
544
543
543
538
531
529
525
516
509
508
500
492
490
487
479
474
474
469
462
461
459
454
449
449
448
441
439
440
436
432
429
431
425
422
424
423
417
418
420
416
412
414
414
409
409
411
407
403
404
405
401
399
403
400
396
396
399
396
393
396
396
392
391
394
391
387
389
390
387
385
388
386
381
383
385
383
379
381
381
376
375
377
374
374
377
385
393
408
434
459
487
520
555
585
613
643
667
683
698
713
718
716
718
716
705
693
686
673
655
643
632
617
601
593
584
569
560
555
548
541
539
538
532
527
527
523
516
510
508
501
496
497
496
493
492
497
499
498
504
511
513
517
527
532
533
538
545
543
542
546
546
541
538
538
533
526
524
522
515
509
507
501
493
491
488
483
477
477
473
466
460
459
454
445
447
445
440
436
436
434
426
424
424
420
416
417
416
410
406
409
406
401
400
401
400
397
400
401
397
398
399
396
393
395
396
393
391
395
392
388
389
388
385
382
383
383
378
378
379
376
371
374
372
367
365
367
364
362
367
376
385
400
428
454
484
518
556
587
614
643
666
681
692
704
707
704
704
700
690
679
671
658
643
630
621
607
593
586
578
567
557
555
547
540
538
536
532
527
527
523
516
512
510
504
497
498
497
493
494
497
499
498
503
508
510
513
522
527
530
535
542
543
543
547
547
545
543
544
540
532
529
526
520
513
512
507
499
495
493
488
480
481
476
470
465
465
461
455
455
455
451
446
447
445
441
441
443
441
438
439
439
436
436
440
439
434
437
440
438
436
440
440
437
436
440
437
434
436
437
434
432
436
435
431
432
435
431
430
433
432
428
429
431
428
424
427
429
431
439
455
473
494
524
557
586
613
645
673
693
714
734
743
748
755
756
751
744
739
729
715
704
693
678
664
657
647
634
625
621
614
606
606
604
599
596
598
596
591
591
591
585
578
578
572
566
562
561
559
554
556
557
555
555
560
562
562
567
572
573
574
582
583
581
583
585
584
579
578
576
569
563
562
556
547
544
541
534
527
526
523
515
512
511
506
499
498
497
492
486
488
485
480
477
480
474
471
473
472
467
466
468
465
462
463
465
462
461
464
463
459
460
463
459
456
458
457
453
453
455
453
448
450
451
447
445
448
447
442
441
444
441
437
440
442
441
448
462
478
495
525
556
583
614
647
674
696
720
742
755
763
774
778
773
767
764
754
741
732
723
710
696
690
680
669
663
659
652
646
646
645
642
640
643
641
637
638
637
632
626
624
619
609
606
604
597
590
591
589
586
585
589
588
587
592
597
596
597
604
607
605
608
612
610
605
607
605
598
595
594
588
579
578
575
567
561
561
555
547
543
541
535
528
527
524
517
514
515
511
507
506
506
502
499
501
499
495
493
496
493
489
490
490
487
487
491
490
486
488
489
487
484
487
488
484
484
488
485
482
484
486
481
478
482
479
475
476
478
475
471
475
476
475
481
495
509
528
559
591
619
653
689
718
741
765
786
800
807
817
821
816
812
808
798
785
777
767
754
744
739
730
719
716
711
704
699
699
698
694
695
698
696
692
693
691
684
678
677
671
662
659
657
650
644
645
643
638
638
641
641
638
643
646
644
645
650
650
648
651
655
655
652
654
652
645
641
641
635
627
625
623
615
610
609
605
596
594
593
587
581
581
579
572
569
570
567
562
563
562
557
554
557
555
551
552
552
549
545
549
548
545
544
547
546
543
545
545
541
540
542
541
538
538
540
538
534
537
536
531
529
531
528
524
524
525
521
519
522
520
516
516
520
521
523
535
551
568
592
624
653
680
714
747
771
793
819
835
845
854
863
863
857
856
850
838
828
821
811
797
790
782
772
763
761
756
751
750
751
749
745
748
749
743
741
743
739
731
728
724
715
706
702
696
687
683
682
677
672
675
676
671
671
675
674
671
675
678
676
675
680
680
676
676
677
671
666
664
661
655
650
648
643
634
630
627
619
613
612
609
600
600
594
588
589
587
580
578
579
577
571
571
570
567
564
567
565
561
561
562
558
553
556
556
554
553
556
552
546
546
545
544
541
545
546
541
541
543
539
533
535
535
531
530
534
531
525
524
524
518
515
516
515
510
510
513
509
506
506
507
507
511
527
542
559
588
620
653
684
721
754
781
808
834
851
863
875
880
879
875
872
866
852
846
839
827
813
807
797
786
778
776
770
767
768
769
766
762
767
764
760
762
763
760
755
755
749
739
730
725
717
706
704
702
696
693
693
691
686
686
688
687
684
689
691
691
692
693
693
689
689
689
684
682
684
682
677
672
670
661
651
650
646
639
635
635
631
622
621
616
611
605
605
603
598
598
598
592
587
586
584
579
577
579
576
572
573
573
569
566
569
567
563
563
564
560
555
558
559
553
551
554
550
544
544
544
541
538
542
542
537
537
537
533
528
529
530
526
525
528
527
522
521
521
515
512
515
515
511
513
516
514
508
510
508
505
502
508
512
517
536
561
589
622
659
691
719
750
783
809
827
845
856
857
859
855
846
839
833
822
824
845
866
885
906
922
929
932
937
939
927
909
890
861
827
804
789
770
751
741
728
715
708
706
698
686
681
675
666
661
665
663
658
658
661
666
679
703
721
738
759
787
809
825
842
857
864
868
875
870
862
856
847
814
774
741
715
695
685
683
676
669
671
671
662
652
645
634
622
621
627
630
640
662
691
730
785
856
931
949
816
657
413
202
156
154
153
152
153
168
372
604
761
717
699
745
462
153
148
148
148
147
148
148
148
150
151
158
235
312
330
298
243
189
159
157
154
151
149
150
149
150
150
150
151
152
150
150
148
148
148
147
148
148
148
148
148
147
147
149
148
148
148
148
148
147
147
148
148
147
148
147
148
147
149
149
148
147
148
149
147
148
148
147
147
148
148
149
148
147
147
147
148
148
148
148
148
147
148
149
147
147
148
147
148
148
148
148
148
147
147
147
148
148
148
149
147
148
147
147
148
147
147
147
149
148
148
148
148
148
147
148
147
148
148
147
149
147
148
148
148
148
147
148
147
148
146
148
148
148
149
147
148
148
148
148
147
148
147
148
148
148
148
149
149
148
148
148
148
148
147
148
148
148
147
148
148
147
147
148
148
148
148
149
148
147
148
148
149
147
147
148
147
148
148
148
148
146
147
148
147
148
148
147
148
148
148
147
147
147
148
147
149
148
148
148
147
148
149
148
148
148
148
148
148
148
148
147
148
147
147
147
147
147
148
147
149
148
147
148
147
148
148
146
147
148
148
147
148
147
147
148
148
147
147
148
148
148
148
148
148
149
148
147
148
149
147
147
147
148
148
149
148
147
148
148
147
148
148
148
147
147
148
148
147
147
148
149
148
148
147
148
148
147
148
147
147
148
149
148
149
149
148
148
149
148
148
148
147
148
149
148
148
148
148
148
148
148
148
147
148
148
149
149
148
148
147
148
149
149
149
148
147
148
148
147
149
148
148
147
148
148
149
148
148
148
147
147
147
148
147
147
148
149
148
149
148
147
148
148
148
148
148
147
148
149
148
148
148
149
148
148
147
148
149
148
148
149
149
147
148
148
148
147
148
148
147
147
148
147
148
148
148
148
148
148
147
148
149
148
148
148
148
148
148
149
147
149
147
148
149
147
148
148
148
148
148
148
148
149
148
149
147
148
148
149
148
148
148
148
148
148
147
148
147
147
148
148
148
148
148
148
148
149
148
148
148
148
148
148
148
148
148
148
149
148
149
148
148
148
148
147
148
149
148
148
148
148
148
147
148
149
149
149
148
150
149
148
148
148
148
148
148
148
148
147
148
149
148
148
149
147
148
148
148
149
149
148
148
148
147
148
148
148
147
148
148
148
148
149
148
147
148
148
149
148
148
148
150
149
148
147
148
148
148
147
148
147
147
148
147
148
147
147
148
148
149
147
147
148
148
148
148
147
147
147
147
148
148
148
148
148
147
148
147
147
148
149
148
148
148
148
148
148
148
148
148
148
148
147
149
148
148
147
148
148
147
148
148
148
148
149
148
147
148
148
148
147
148
146
148
149
148
148
148
148
148
148
147
148
148
149
148
148
148
148
148
148
148
149
148
148
147
147
148
147
149
148
149
148
147
149
148
147
147
148
148
147
147
146
149
149
148
147
149
147
147
147
148
148
148
147
148
148
148
148
148
148
147
148
148
148
149
148
148
147
148
148
148
148
147
149
147
149
148
147
147
147
147
148
147
148
147
148
148
145
148
148
147
147
145
147
148
148
148
147
147
148
148
147
148
147
148
149
148
148
147
147
148
148
147
148
148
147
148
148
148
148
147
147
147
147
148
148
149
147
148
147
148
149
148
147
148
149
148
147
149
149
148
148
148
148
147
148
147
148
148
148
147
148
150
148
147
148
148
149
148
148
148
148
148
148
149
147
148
149
148
147
147
148
148
148
148
149
148
150
150
149
149
149
149
152
149
150
150
150
150
150
149
150
150
150
150
149
149
150
150
150
150
149
150
149
150
150
149
150
150
149
149
150
150
151
150
151
149
152
150
150
150
150
150
150
150
150
150
152
151
151
151
149
151
151
152
152
149
150
152
151
151
151
151
150
152
151
151
152
151
151
151
151
151
152
152
151
152
152
151
151
152
153
153
152
152
153
153
153
154
154
153
153
154
153
153
154
153
154
153
154
154
152
153
153
154
154
155
154
154
154
154
155
155
155
155
155
155
156
155
155
155
155
156
155
155
155
155
155
156
157
156
157
156
156
157
158
158
157
157
157
157
158
158
158
158
159
158
159
160
159
160
160
161
161
160
162
162
162
162
163
166
164
166
167
168
168
171
172
173
176
178
179
179
184
184
185
188
190
192
192
195
198
198
200
202
