504
523
547
580
613
644
679
713
738
761
785
802
811
817
824
822
814
808
800
785
770
762
749
734
725
718
706
695
691
687
678
673
675
668
663
663
663
659
655
655
651
644
639
635
628
620
618
614
607
603
606
605
601
605
609
609
610
617
621
620
622
628
627
625
628
630
625
622
624
619
613
611
609
603
596
597
592
585
582
580
575
567
566
565
557
553
552
549
542
541
540
537
531
532
531
525
523
525
523
517
518
518
512
510
512
509
504
505
506
502
499
501
500
496
495
499
498
494
497
498
495
493
497
496
492
493
497
493
491
494
494
490
491
492
491
487
489
490
486
484
486
482
478
478
478
473
467
470
468
463
464
467
465
465
475
487
501
523
556
588
620
657
694
724
751
781
800
813
823
834
833
829
826
820
806
795
787
771
755
745
735
722
709
705
699
688
684
684
680
675
676
678
674
670
673
669
661
658
656
648
640
638
633
624
619
620
615
609
610
609
607
605
610
610
608
612
617
615
613
619
619
617
617
620
618
612
613
612
605
599
599
595
588
584
581
575
568
567
563
555
551
552
546
540
538
537
532
528
529
525
519
519
520
514
510
512
510
505
502
504
501
497
499
500
494
492
496
495
489
490
491
490
485
488
488
484
482
486
482
477
479
480
478
474
477
477
471
472
474
471
466
468
468
464
462
466
464
459
460
462
458
455
457
454
449
449
451
448
444
444
444
439
437
440
437
432
433
434
430
427
430
430
429
435
450
462
482
514
548
580
617
657
691
720
751
776
792
805
815
819
815
811
807
794
780
771
757
738
724
716
699
686
678
672
663
655
655
651
646
646
648
644
640
642
642
635
631
630
624
615
611
608
600
594
594
590
585
584
586
584
581
585
588
587
588
595
594
592
596
599
596
593
596
593
588
586
588
580
577
577
574
567
562
562
556
550
548
546
538
535
535
531
526
524
524
519
513
513
511
505
501
501
497
491
492
493
487
484
487
487
482
482
484
483
481
485
485
481
480
484
482
478
481
483
480
477
482
484
479
481
486
484
481
484
485
480
479
482
480
475
476
479
476
472
476
475
471
469
473
469
466
468
468
464
462
466
463
458
459
458
455
451
454
453
453
458
470
482
498
525
556
585
618
657
690
717
748
774
791
804
818
822
819
816
812
802
788
780
767
751
736
727
712
698
689
685
674
667
665
661
653
649
650
643
638
637
635
628
625
624
619
612
612
611
605
600
604
601
598
598
601
600
598
604
607
606
608
615
615
613
617
621
618
614
620
618
614
613
613
607
599
598
595
588
581
582
577
570
569
568
563
557
559
556
549
546
547
542
535
535
535
529
527
530
525
521
523
523
519
515
517
516
511
510
512
508
504
506
507
501
500
503
502
499
499
500
499
496
500
499
496
495
499
496
493
497
497
495
492
496
496
491
494
495
492
488
492
490
484
483
484
481
476
478
478
473
469
471
470
465
466
471
472
479
496
515
535
563
599
631
664
701
731
758
781
804
819
826
834
838
833
827
822
811
796
784
775
759
742
733
724
710
701
698
694
685
686
688
683
680
683
682
677
676
677
672
665
663
658
650
643
641
634
627
624
624
619
615
618
618
616
617
622
621
622
627
631
630
630
634
633
629
630
630
626
619
621
617
610
607
605
599
591
591
588
580
575
574
569
562
559
556
549
544
544
542
536
534
535
532
527
528
527
522
519
519
517
511
511
511
507
504
507
506
501
501
504
501
498
500
501
498
494
498
497
493
494
498
493
492
493
493
488
487
490
488
484
487
488
484
481
484
482
476
476
479
476
471
475
477
473
472
476
473
468
468
468
463
460
464
460
457
457
459
457
454
457
456
452
451
453
451
448
454
462
470
486
512
540
571
610
649
684
717
752
780
799
817
831
837
835
837
833
821
810
801
788
770
759
750
736
724
721
713
704
697
697
692
687
689
689
685
684
687
684
677
675
674
667
659
656
652
645
640
640
634
627
627
625
621
620
624
623
621
625
630
629
628
634
635
632
631
635
632
629
630
630
626
620
622
617
610
607
605
598
593
592
588
581
577
575
570
564
563
562
554
550
551
547
541
540
540
535
529
532
529
524
521
523
519
514
516
516
511
510
514
512
507
508
510
506
501
504
503
499
498
500
499
495
496
497
492
490
493
491
486
487
489
485
480
483
482
478
475
478
476
471
473
473
470
466
469
466
462
462
464
461
458
461
462
455
457
459
455
451
451
451
446
443
446
445
439
440
442
439
435
438
437
432
431
434
433
432
440
450
461
479
508
537
567
604
643
677
706
741
765
782
798
812
816
815
814
810
799
785
778
763
745
734
723
709
694
686
678
668
660
660
656
649
650
651
648
645
648
646
639
636
635
628
622
620
616
608
605
606
596
598
601
597
598
603
604
603
606
612
611
610
615
618
614
615
617
614
609
609
609
603
598
598
593
586
583
581
574
568
568
566
558
554
555
550
544
542
541
535
531
531
528
523
522
521
515
512
514
512
506
504
506
504
499
500
502
498
496
499
498
494
495
496
494
492
495
495
491
490
493
492
488
491
493
488
486
490
490
485
485
488
485
482
484
485
480
480
483
481
477
480
481
477
473
477
473
468
468
470
466
462
463
461
456
454
456
454
450
453
456
457
462
476
489
506
531
565
593
625
662
696
722
747
773
788
798
809
814
811
806
803
793
778
768
759
743
728
719
708
695
685
682
673
665
664
664
659
656
658
656
651
650
650
645
638
637
633
627
621
620
614
608
607
607
603
601
604
605
604
608
613
615
616
623
626
625
625
630
625
622
623
623
617
611
613
608
600
599
592
587
587
584
577
571
571
565
559
557
554
549
543
544
541
536
534
534
530
526
528
525
521
519
522
517
512
512
514
510
508
512
511
508
509
511
508
505
507
508
504
501
505
503
499
500
504
500
500
503
502
498
500
502
499
497
498
499
496
495
497
495
489
491
492
488
485
489
487
482
481
482
478
473
476
476
474
475
485
494
506
528
555
581
611
648
681
709
739
770
790
804
820
830
830
830
831
824
812
805
797
783
770
761
748
736
726
722
713
705
706
703
699
697
701
699
694
694
694
689
684
683
678
668
663
658
650
644
642
639
633
630
633
630
627
629
632
629
629
636
637
636
638
643
641
638
640
639
634
630
631
624
619
618
615
609
603
604
599
592
590
589
583
576
576
573
566
563
563
557
551
552
550
545
542
543
540
534
531
533
527
521
524
525
519
518
522
519
515
516
518
516
513
518
517
513
514
515
511
507
509
509
505
504
506
505
502
503
504
500
496
500
498
494
493
495
491
488
489
489
484
485
489
487
484
485
485
481
477
480
479
475
475
478
475
471
473
470
465
463
463
460
455
457
458
455
452
457
458
456
465
482
498
519
551
585
618
653
692
724
751
779
802
815
824
834
837
833
829
824
813
800
791
779
763
752
744
733
721
717
716
709
704
706
706
703
704
708
706
704
707
704
698
693
693
684
674
670
665
656
649
649
645
637
636
638
636
632
636
638
635
635
642
642
638
643
644
640
636
640
636
631
629
629
623
617
616
613
606
596
590
589
588
581
575
576
571
565
563
562
557
551
552
550
545
539
541
537
533
533
533
530
526
529
527
521
521
523
521
517
520
520
517
516
518
516
512
514
516
512
510
514
513
509
509
511
508
505
508
506
501
499
503
499
495
496
496
491
489
491
489
485
485
486
483
479
480
479
475
471
475
473
469
473
474
471
469
471
468
461
461
463
460
457
460
461
457
455
455
452
446
447
449
446
446
451
453
453
462
477
494
514
549
584
617
654
693
725
749
775
796
807
814
826
825
820
815
810
798
783
773
761
745
732
727
712
703
696
693
684
679
681
680
677
678
683
680
676
677
675
668
661
659
652
643
639
635
627
620
619
614
607
606
609
605
603
608
611
608
610
613
612
609
611
615
611
609
613
610
607
604
606
600
594
593
590
583
577
576
570
562
559
556
549
544
544
539
533
531
532
526
522
522
520
514
512
514
511
508
509
510
503
499
502
499
494
493
496
494
490
494
495
491
490
493
492
487
490
491
488
484
486
486
481
479
482
479
475
479
479
475
474
477
474
470
471
473
469
468
471
473
468
467
470
466
460
463
461
458
458
462
460
456
456
457
451
447
449
448
443
443
445
443
437
439
439
435
438
448
458
471
494
524
549
579
615
648
674
704
734
753
767
782
792
792
789
790
781
768
761
752
738
723
715
702
687
678
672
661
653
652
651
645
642
646
644
640
641
643
638
632
633
629
622
617
614
607
598
598
596
590
588
592
593
591
596
605
610
612
611
613
618
615
613
615
615
610
607
608
604
597
595
592
586
580
580
576
569
566
565
559
553
552
550
544
541
541
537
532
531
531
525
519
521
519
514
515
516
513
508
509
509
503
502
504
503
502
504
505
503
500
502
500
496
495
499
497
495
497
497
495
493
496
494
491
493
496
494
493
496
495
490
490
492
490
486
489
490
484
483
486
481
476
474
474
469
465
467
465
460
459
461
458
455
459
465
471
484
508
530
555
590
627
658
690
725
753
774
794
813
820
822
827
826
817
807
801
787
773
762
752
737
724
719
709
697
692
689
684
678
681
682
679
678
682
678
674
670
669
661
653
653
648
640
636
635
627
619
618
616
612
612
617
618
616
619
623
622
621
626
627
625
627
631
628
623
624
622
616
612
612
608
603
600
595
588
587
581
574
568
567
562
555
554
552
545
541
542
537
531
530
532
527
523
526
523
518
516
516
512
506
508
508
505
500
506
505
499
501
501
498
494
500
499
496
495
498
496
493
495
496
493
491
496
493
490
490
492
489
484
488
487
481
481
482
480
476
478
479
475
472
475
473
470
469
471
467
465
468
468
463
463
464
461
458
459
460
456
454
457
454
450
450
452
450
449
458
470
481
501
533
561
593
632
671
702
733
767
788
805
821
833
835
831
831
824
812
802
793
780
763
754
744
730
719
714
705
694
692
692
686
684
685
687
683
683
687
684
679
680
677
669
662
660
652
641
635
632
625
619
620
620
616
616
620
620
616
621
623
623
622
628
628
626
628
631
628
624
625
623
617
614
614
608
601
600
597
589
583
582
577
569
566
565
559
552
552
549
543
541
542
538
534
534
534
530
527
528
526
522
520
521
517
513
517
515
510
509
512
509
505
506
507
503
500
503
502
497
498
500
497
495
498
498
492
492
494
492
487
489
490
486
482
486
485
479
480
481
480
475
478
478
471
472
474
472
468
470
471
466
464
466
464
459
459
462
460
455
458
457
453
451
455
450
445
446
446
442
442
446
447
450
459
476
493
515
548
579
612
646
686
716
741
768
790
800
809
818
817
810
807
800
787
772
761
748
732
719
711
696
683
678
673
664
657
658
654
650
650
652
650
646
649
647
642
637
635
629
618
615
612
604
598
599
596
591
591
594
591
587
591
592
590
591
597
597
594
599
601
599
596
597
598
593
591
591
586
580
579
575
567
562
560
554
546
545
543
538
531
531
529
519
517
516
511
505
507
505
500
497
499
495
491
492
492
487
484
487
485
481
480
482
476
473
475
476
471
469
473
472
467
469
470
468
464
469
467
464
464
465
463
459
462
462
456
455
458
457
454
456
456
453
453
456
454
451
451
453
451
447
449
448
443
442
443
442
437
437
439
436
432
436
434
428
427
429
425
421
425
426
425
430
444
455
471
498
526
555
586
622
653
680
708
734
751
762
774
781
779
776
774
763
750
740
729
713
698
688
675
659
649
642
633
624
623
620
615
613
616
613
609
610
610
604
600
601
594
586
584
582
578
572
572
573
570
570
577
576
577
583
588
588
590
596
599
597
599
604
597
600
599
595
592
592
587
580
580
578
571
565
565
561
555
551
552
546
539
540
537
533
529
531
527
522
524
524
520
518
519
517
512
510
511
506
501
503
502
498
495
501
498
495
496
498
495
493
496
496
492
493
497
494
491
494
496
492
491
496
496
492
494
498
494
492
497
497
493
494
496
493
488
490
489
483
480
483
479
475
475
476
471
469
473
475
475
483
499
514
533
562
593
623
653
688
717
740
764
785
798
804
814
817
813
807
803
792
779
770
760
744
730
724
711
698
692
688
679
674
676
675
672
671
675
673
669
671
667
660
654
656
648
641
639
638
632
627
628
627
622
622
625
623
622
627
631
629
630
635
635
633
635
638
636
634
636
636
630
628
628
623
616
614
612
605
599
598
593
585
583
582
575
568
568
567
560
557
558
553
547
547
546
541
538
539
536
532
532
533
529
525
527
525
520
519
521
520
517
519
520
514
513
516
515
511
511
512
509
507
509
509
504
504
507
504
500
502
502
500
497
501
501
496
497
499
496
492
495
494
491
490
492
490
484
486
486
481
479
481
478
473
473
472
467
463
466
466
460
464
473
479
489
510
535
561
593
632
668
699
732
764
786
802
820
831
833
834
837
831
820
814
805
789
774
767
753
738
729
724
716
708
709
707
702
700
703
700
697
699
700
694
691
691
687
677
675
673
664
656
654
649
640
636
636
630
625
626
629
626
626
633
634
633
636
641
639
636
639
639
633
632
633
628
622
621
620
614
608
608
604
597
595
594
586
580
579
575
568
565
566
561
554
553
553
548
542
545
541
535
534
536
532
527
529
528
523
520
521
520
514
516
517
513
511
515
515
510
511
513
510
506
509
508
503
502
504
501
498
501
500
496
494
497
496
491
492
493
489
485
487
485
480
477
480
475
471
472
472
470
466
468
468
462
462
464
462
457
459
459
455
453
454
452
448
449
451
445
442
446
446
441
440
443
439
436
438
436
432
430
433
432
429
435
443
450
465
491
517
545
581
622
655
687
723
751
771
790
805
813
812
812
810
800
788
780
767
749
737
726
712
697
690
682
671
664
663
658
653
655
658
655
653
656
655
649
648
648
643
636
635
632
622
618
616
612
605
603
604
599
597
604
605
611
611
611
613
615
612
610
615
609
606
608
608
598
600
595
588
586
586
578
570
569
566
557
553
554
550
544
544
546
541
536
539
536
532
530
532
526
520
521
519
514
510
513
509
505
506
509
507
503
508
508
505
504
506
503
499
501
501
497
496
500
498
495
496
498
496
492
498
496
493
493
496
493
491
492
493
489
487
490
488
484
486
488
484
482
486
484
481
481
485
482
479
482
483
479
477
480
479
474
475
476
474
469
473
471
465
465
467
465
461
466
469
470
477
493
508
527
557
591
620
652
689
720
744
768
793
807
813
823
827
824
816
815
803
789
777
767
751
735
727
714
702
691
689
680
674
674
674
669
668
671
670
665
665
663
658
651
650
645
636
632
632
626
619
621
620
615
614
616
618
617
621
625
625
625
633
635
633
636
639
637
633
635
637
630
625
626
622
614
612
609
595
594
591
582
578
579
574
567
566
564
559
555
556
553
547
546
548
544
536
540
537
533
532
531
530
526
528
529
525
522
526
525
521
523
525
522
520
523
523
518
517
520
518
513
516
518
515
513
519
517
515
518
520
518
516
521
521
518
518
521
520
515
518
518
513
510
514
511
507
508
508
505
501
503
501
496
494
497
494
489
490
490
485
483
486
485
485
495
510
523
543
574
605
633
667
703
733
759
786
809
824
834
845
847
843
840
837
825
813
806
792
778
764
756
743
729
723
717
708
702
705
703
697
700
701
699
696
699
697
691
687
687
679
670
668
665
657
650
651
647
642
642
645
643
641
645
647
646
647
652
652
651
654
656
652
648
651
648
642
640
639
633
627
628
623
615
611
610
603
595
594
592
586
580
581
579
572
569
569
563
556
559
557
551
548
550
547
543
543
544
539
536
539
537
532
532
534
530
526
529
529
524
523
527
524
521
522
524
521
517
521
520
515
516
518
516
512
514
514
509
507
511
507
504
504
506
500
498
500
499
493
492
492
488
484
486
485
479
479
482
480
475
477
479
475
472
473
473
467
468
470
467
464
467
468
462
461
462
459
453
454
455
452
451
456
460
464
476
496
517
542
578
613
645
679
714
742
764
782
803
811
815
822
821
813
807
802
788
773
764
754
739
728
723
715
705
702
701
697
691
695
694
692
692
696
694
691
693
690
684
678
678
671
662
657
655
648
640
640
637
631
630
634
630
629
632
635
633
632
638
638
635
636
639
634
631
633
630
624
622
621
616
609
608
607
599
594
594
590
582
581
579
573
566
565
561
554
551
553
549
546
549
548
543
538
539
534
526
526
527
524
521
526
525
521
519
519
516
511
513
514
512
510
515
514
507
509
509
504
502
506
506
503
504
507
504
499
502
501
495
492
496
494
489
490
491
487
483
485
483
478
478
481
478
475
478
477
472
470
471
469
465
464
467
463
459
462
461
457
457
460
458
456
459
460
456
453
455
453
446
447
447
444
441
445
443
439
439
441
438
434
436
438
434
435
442
447
453
471
493
516
542
578
614
645
678
713
738
758
777
793
797
801
806
801
792
786
778
765
748
740
727
712
702
696
685
674
672
671
664
660
662
660
658
658
662
657
654
656
654
647
643
642
634
626
624
622
615
609
611
608
604
605
608
607
606
611
614
613
614
619
617
613
615
616
612
608
609
605
598
596
596
589
582
583
578
572
567
568
562
556
555
553
546
541
541
538
530
529
530
524
519
521
519
514
512
513
510
504
505
506
501
497
501
499
496
495
497
495
491
495
495
491
490
493
491
487
489
491
486
484
488
484
481
482
484
481
476
480
480
476
475
478
475
470
473
473
469
465
469
466
462
462
465
462
458
462
460
457
455
457
454
451
453
453
450
447
451
450
445
445
448
445
439
443
443
437
435
437
434
430
432
434
431
431
438
441
446
461
479
499
521
554
585
615
646
681
705
725
747
765
773
778
785
784
778
772
766
751
736
727
713
699
685
680
669
656
653
650
642
636
638
636
632
633
636
634
631
632
631
624
620
619
614
605
604
595
592
593
593
590
591
597
598
598
606
610
609
611
616
616
614
615
616
613
609
611
608
600
600
593
587
587
584
576
572
573
566
560
558
557
550
545
545
542
536
535
537
531
527
528
528
522
518
521
518
513
514
515
508
507
510
509
505
506
509
506
503
507
505
501
501
504
502
498
501
504
501
500
504
504
500
500
503
499
496
498
500
496
494
498
497
493
495
497
493
490
494
492
487
487
488
485
481
482
482
476
474
475
473
467
469
470
465
462
466
466
462
465
475
480
490
511
535
559
587
623
654
682
713
742
764
781
799
811
812
815
817
811
802
797
787
772
757
750
737
723
715
709
700
693
693
690
686
686
688
687
682
686
687
683
680
680
674
665
662
658
649
641
639
638
631
629
631
629
626
630
633
632
632
639
639
638
640
644
641
639
644
641
638
637
638
634
628
629
627
620
614
614
609
601
599
595
590
584
583
579
573
570
571
564
558
559
559
552
550
551
546
540
540
540
534
530
533
531
527
525
528
525
519
521
522
518
516
519
518
513
515
516
513
512
513
513
508
508
512
508
505
507
508
502
500
503
502
497
498
499
496
490
492
491
484
482
485
481
478
480
477
475
471
474
470
466
466
470
467
465
470
471
466
466
470
466
461
463
464
460
459
461
459
454
455
456
451
450
454
455
458
466
482
500
520
552
585
615
649
688
719
744
770
795
809
818
829
833
831
828
826
816
803
793
782
766
751
744
731
719
713
713
707
704
706
706
704
701
705
700
692
693
693
689
687
691
686
679
677
673
665
653
650
643
636
633
635
632
629
633
635
633
633
636
637
633
635
638
635
633
636
635
629
628
629
623
616
615
612
604
597
597
591
583
581
579
573
565
566
564
557
552
553
549
542
542
540
534
530
531
529
523
522
524
520
516
521
519
516
516
519
517
513
516
517
514
513
517
516
513
512
517
512
508
512
511
507
506
510
507
504
506
506
504
501
505
504
498
499
501
498
492
494
493
488
485
487
484
479
480
480
476
472
474
473
467
467
468
465
461
463
463
458
457
460
457
453
455
457
454
451
455
455
452
451
454
451
448
450
449
444
444
446
444
439
441
443
444
448
461
477
496
523
556
587
617
656
689
716
741
767
782
793
803
810
806
803
802
793
780
769
760
746
730
721
710
696
688
684
675
668
668
668
664
663
668
666
662
663
666
661
656
658
654
646
641
639
632
623
621
617
610
606
609
607
604
607
612
612
612
617
619
618
619
621
619
615
617
617
611
608
610
607
600
599
599
592
586
584
579
573
567
566
560
554
553
552
545
540
542
537
531
528
528
524
519
522
520
515
515
516
514
509
511
512
509
506
509
507
502
503
506
502
498
502
502
498
498
502
500
496
499
501
496
494
497
497
492
492
495
493
489
494
495
490
490
493
490
485
487
488
484
480
483
482
476
478
479
476
473
477
477
473
472
476
473
468
470
470
466
462
465
463
457
457
458
454
450
454
457
458
466
481
496
513
542
573
600
632
668
697
722
747
771
785
796
808
812
811
805
804
795
779
771
760
745
729
721
710
696
689
686
678
673
674
673
670
669
673
670
667
667
668
660
654
654
649
641
636
635
628
621
622
620
616
614
619
616
614
617
622
621
620
627
628
626
629
634
631
628
632
632
628
622
626
622
616
614
613
604
600
600
596
588
586
586
579
574
574
572
564
561
561
556
551
549
550
543
541
543
540
537
536
539
535
531
533
532
527
524
527
523
520
522
524
519
518
521
522
517
517
520
517
514
517
518
513
512
517
515
512
513
514
511
508
511
509
505
505
509
507
504
507
508
503
501
505
503
497
498
499
495
491
494
493
488
488
491
487
482
484
483
478
475
477
473
471
474
479
481
491
508
528
550
579
614
646
676
711
742
766
787
808
819
825
832
835
831
822
817
808
795
783
775
761
747
740
733
722
716
715
711
706
707
708
705
704
708
709
705
703
705
701
692
691
688
679
673
671
664
656
654
653
648
645
649
649
645
646
652
650
649
653
655
652
649
652
651
646
645
646
639
634
635
632
624
620
620
614
606
607
594
589
590
583
577
575
574
567
562
563
560
553
552
554
549
543
544
543
539
535
537
534
530
530
531
527
524
528
527
523
522
527
523
519
521
523
518
516
520
518
514
516
518
515
513
516
515
510
510
512
506
502
504
504
500
497
501
498
493
494
495
490
487
490
489
485
483
484
481
477
478
479
474
472
476
475
469
473
475
473
470
474
472
469
466
469
465
460
463
462
457
455
459
457
453
456
459
458
459
470
483
495
515
546
574
603
640
676
705
732
764
785
797
811
823
824
822
821
816
804
794
786
772
757
749
739
728
717
716
709
702
701
702
697
693
698
697
694
693
696
692
686
686
682
674
666
664
657
648
644
643
635
629
630
628
623
624
627
628
625
632
635
631
631
635
633
629
629
630
626
621
623
622
615
612
612
607
599
599
596
588
583
582
577
568
564
562
557
551
551
548
543
541
541
538
533
533
532
526
523
525
522
515
515
517
511
508
510
510
505
504
506
504
500
503
504
499
497
500
499
494
495
497
495
492
494
494
489
488
490
487
483
485
485
481
478
481
477
471
473
473
470
467
469
468
464
464
466
464
459
461
462
458
457
460
458
453
454
456
451
447
450
449
444
443
446
443
439
441
442
438
437
443
440
438
440
443
440
438
441
441
437
436
439
434
432
434
434
430
429
432
432
431
439
453
464
481
511
541
567
600
638
668
696
727
751
767
780
794
799
796
796
794
783
771
764
751
734
723
715
701
687
682
678
669
665
667
664
660
661
666
664
660
665
663
659
657
656
652
645
643
640
632
625
626
623
616
617
620
618
618
625
627
625
630
637
635
636
640
643
639
636
641
639
632
631
632
627
621
621
618
610
604
604
597
589
588
586
579
573
575
572
563
563
565
558
553
555
554
548
546
548
544
539
540
540
535
531
534
533
525
527
529
525
522
524
523
519
519
522
518
514
515
518
513
512
517
515
511
512
514
512
509
512
511
505
504
505
503
498
500
502
496
495
498
495
490
490
491
486
480
482
482
476
475
478
472
466
469
470
463
461
464
462
456
457
459
454
449
453
451
445
443
445
442
438
440
440
438
435
442
441
438
441
445
444
443
448
451
450
456
468
479
495
519
550
578
610
649
683
712
744
772
791
808
824
832
832
831
831
822
809
803
791
774
761
750
738
721
712
704
694
684
683
681
676
677
681
679
676
680
682
679
676
679
675
667
664
662
654
645
644
640
630
626
627
622
619
622
624
623
622
628
629
629
633
635
634
632
635
635
629
627
629
624
619
620
619
612
607
608
603
593
590
589
582
576
575
572
564
560
561
555
550
549
549
542
539
542
539
533
532
533
529
524
527
525
520
519
522
518
514
517
516
513
510
513
511
507
507
510
508
503
507
505
502
500
503
501
495
498
498
494
491
495
493
487
488
490
485
481
484
484
478
478
481
476
473
474
474
470
469
471
469
464
464
466
462
458
460
460
457
456
460
458
455
457
458
453
449
455
452
448
450
453
448
445
449
449
443
441
442
439
434
437
439
435
433
438
437
435
439
448
455
469
493
518
545
577
615
648
677
711
741
760
778
796
806
805
808
809
799
788
783
772
756
743
735
722
707
699
691
680
670
669
664
656
657
658
656
652
656
657
651
650
653
648
641
639
637
628
622
622
617
608
606
608
603
599
604
604
603
609
609
605
609
613
609
608
612
612
607
607
609
604
597
599
593
587
582
583
576
569
568
566
559
553
554
550
543
542
541
537
530
531
528
522
519
522
518
513
512
513
508
503
505
503
497
496
499
496
492
495
496
492
491
494
493
488
490
492
488
486
490
488
484
486
488
484
481
485
485
481
481
483
481
477
480
481
477
474
477
478
472
473
476
472
468
471
471
467
467
470
469
466
469
471
467
464
466
465
461
460
461
459
456
460
461
455
454
456
452
447
449
449
447
445
449
450
447
450
459
465
473
496
520
542
573
610
641
670
702
730
750
770
788
799
801
803
806
799
789
784
774
759
746
740
725
710
703
695
683
673
671
667
659
658
661
659
656
659
659
654
652
654
649
642
641
639
631
625
626
622
617
616
619
617
615
619
623
621
624
631
633
632
634
639
637
634
638
637
631
630
632
627
619
618
615
607
603
603
596
590
589
589
582
577
577
572
564
560
561
553
547
549
549
543
541
543
539
534
535
536
531
525
530
529
524
523
525
521
517
521
521
518
517
522
519
514
516
518
514
509
512
510
506
506
510
507
503
507
508
504
503
506
502
499
499
501
496
494
496
494
490
490
493
490
486
489
491
486
484
487
484
479
480
483
477
475
479
476
472
472
474
471
466
468
469
464
462
464
461
456
459
462
459
460
472
484
496
519
549
576
605
642
676
703
731
761
782
794
807
817
817
815
814
809
797
788
780
765
751
742
732
718
708
704
696
687
687
686
682
679
683
683
679
680
683
679
674
673
669
661
656
654
648
639
636
636
629
623
625
622
617
614
618
615
613
617
620
619
621
629
629
627
629
633
627
625
626
625
618
615
616
612
606
607
605
599
595
596
590
584
584
584
578
572
575
571
564
562
563
557
551
552
549
543
539
542
537
529
529
528
521
517
518
515
508
507
509
503
498
501
502
495
494
499
496
492
494
495
492
488
491
491
485
487
490
487
485
487
487
483
481
482
480
474
474
475
470
465
468
467
461
460
463
459
455
457
458
453
451
453
451
445
447
447
443
439
443
443
438
440
442
440
436
439
440
435
431
435
433
426
428
428
426
423
427
427
423
428
434
439
446
465
486
507
536
572
604
633
668
702
726
746
768
781
786
791
794
790
780
775
765
750
735
726
713
693
684
675
663
652
650
645
638
635
639
635
631
635
635
630
628
632
628
621
620
618
611
604
605
601
596
594
594
591
586
588
590
587
587
592
593
592
599
603
601
608
607
603
606
596
597
595
588
583
582
576
568
566
564
558
551
552
548
541
537
538
533
525
528
525
520
517
520
517
513
513
515
512
509
513
512
507
506
510
505
500
502
501
496
495
498
498
494
496
500
499
497
502
502
498
498
500
496
492
493
493
488
486
491
490
487
490
494
491
488
492
490
486
484
487
485
479
484
485
483
482
487
485
482
484
486
484
482
487
485
479
477
482
478
473
476
476
472
470
474
472
467
467
469
465
462
467
470
474
487
506
526
546
579
612
638
671
706
733
751
774
792
798
802
808
806
798
790
786
771
757
747
735
720
706
698
685
673
669
665
658
650
653
652
647
647
649
646
642
644
643
636
631
631
625
615
613
613
606
603
604
598
600
606
605
603
609
613
613
613
620
622
618
622
626
623
618
622
620
614
612
614
607
600
598
596
589
583
584
579
571
569
568
562
555
556
553
545
543
544
539
532
534
534
529
525
527
524
518
517
519
514
510
512
511
507
504
508
504
500
502
504
498
495
500
498
494
496
499
496
491
496
498
492
493
498
496
492
495
496
492
491
495
492
488
489
492
488
483
487
486
481
480
484
481
477
480
480
475
472
475
473
467
468
470
465
462
466
465
459
458
461
458
453
455
455
450
445
447
446
441
442
445
443
444
454
465
476
496
527
554
583
620
657
687
715
747
768
781
796
809
813
811
814
811
798
789
781
766
749
738
727
712
699
693
682
672
667
666
660
655
659
659
655
656
661
659
652
655
653
647
640
640
635
626
624
625
620
613
616
617
611
612
617
614
611
616
620
619
618
625
626
623
625
628
624
621
623
621
614
610
611
605
598
597
594
587
582
581
576
568
567
565
559
551
552
549
541
538
539
535
529
530
528
524
518
521
518
511
510
510
507
502
506
505
500
498
502
499
495
498
498
493
491
494
492
486
487
489
486
482
487
488
482
482
488
485
480
482
485
479
477
480
478
473
474
476
471
468
471
471
467
467
470
468
463
466
467
462
458
463
460
455
455
456
452
447
450
449
442
441
444
442
436
439
439
436
432
436
434
429
430
434
434
435
449
463
477
501
533
561
590
628
662
690
717
745
764
776
789
799
797
793
792
784
770
758
751
734
716
706
696
682
668
664
654
642
638
636
630
624
627
627
623
623
629
625
619
620
619
612
606
607
595
594
596
590
586
590
592
588
590
597
597
596
601
607
605
603
609
611
606
608
612
607
604
595
590
592
586
579
579
576
570
562
565
561
553
550
550
543
538
538
536
531
528
531
526
521
522
523
518
514
517
515
508
507
509
505
500
503
502
498
495
500
498
493
496
499
496
494
498
498
494
494
499
495
492
496
496
492
492
497
495
490
493
496
492
488
493
491
485
487
490
486
483
488
487
483
482
485
481
474
475
474
468
464
467
465
460
461
465
465
463
470
476
482
493
516
536
558
590
625
654
683
720
748
770
792
814
823
830
835
838
830
825
819
806
790
780
769
753
738
730
719
704
696
692
682
673
671
668
659
656
656
652
645
644
643
636
629
629
624
615
610
609
601
594
595
594
589
589
594
596
594
601
608
609
610
617
619
616
618
621
619
615
617
618
612
610
613
609
595
590
589
586
578
575
576
569
562
565
564
557
554
556
553
548
549
550
545
542
545
542
537
536
537
531
526
528
529
523
520
523
520
514
516
515
511
508
510
508
503
502
505
500
494
496
494
490
487
491
488
485
485
489
483
479
483
481
474
474
476
472
467
471
471
465
463
465
463
458
460
461
457
455
457
456
450
449
451
448
444
449
451
451
458
472
487
502
529
561
589
620
659
689
715
743
768
785
791
807
812
811
808
807
798
784
777
767
752
736
729
718
706
697
695
686
677
679
677
673
671
675
673
669
672
675
670
666
668
664
656
652
652
645
636
636
634
626
623
625
621
617
620
623
622
618
627
630
627
628
633
630
627
631
631
626
623
625
620
615
612
612
605
598
599
593
585
582
581
574
567
566
564
557
553
553
549
543
543
542
537
532
534
532
526
525
527
523
517
520
521
516
512
516
514
508
510
512
509
507
511
511
506
508
511
508
504
508
510
504
503
509
505
501
503
505
501
498
502
501
495
497
499
496
493
496
495
492
489
494
492
487
489
492
487
483
489
486
481
481
484
481
476
479
479
473
470
473
471
466
466
467
464
459
462
462
457
457
462
463
466
482
499
518
544
579
611
642
677
711
736
760
785
802
809
817
825
821
813
810
803
791
777
769
755
738
729
720
706
694
691
685
675
672
674
671
666
669
671
667
663
667
664
658
655
655
647
640
637
632
623
619
620
615
609
612
614
612
611
617
619
617
622
626
624
622
626
627
623
623
624
621
615
617
615
608
603
604
598
589
587
586
580
572
572
570
562
558
556
552
544
545
543
537
533
535
531
524
523
524
519
513
517
515
510
509
511
508
504
506
506
500
498
503
500
494
495
498
494
490
495
493
490
489
494
492
487
490
493
487
484
488
487
480
481
484
480
476
481
479
471
473
477
473
468
471
473
470
467
472
469
464
465
468
465
461
465
464
459
459
461
458
452
455
456
449
448
452
452
447
449
454
452
454
466
478
491
515
545
573
603
639
673
701
729
758
777
789
803
814
812
809
810
804
792
781
773
759
742
733
722
708
697
692
682
672
668
668
661
656
659
659
654
655
658
653
647
649
646
639
632
633
627
619
618
619
614
610
614
615
613
617
622
622
621
627
631
629
628
635
636
631
631
636
632
626
629
626
618
615
613
607
598
598
597
589
583
583
579
572
570
570
564
557
560
557
551
546
548
543
535
537
537
531
528
531
529
523
524
525
520
516
519
519
514
512
517
514
509
512
513
508
506
511
509
504
504
509
504
501
506
505
500
499
503
502
497
500
503
500
498
504
502
499
501
503
500
495
499
497
492
490
494
490
484
486
487
480
475
477
471
464
462
464
460
456
461
462
461
467
480
491
505
528
559
587
616
655
685
714
743
771
788
800
817
825
821
822
820
810
797
789
779
763
749
743
730
716
707
703
692
684
684
681
674
674
678
676
673
677
679
674
669
672
667
658
656
656
650
641
642
640
634
633
636
632
629
632
635
633
632
639
641
640
643
648
646
643
649
648
643
641
644
640
634
634
632
624
620
621
616
608
604
603
596
588
588
584
577
572
573
569
561
563
561
556
552
554
550
544
542
543
539
533
537
535
530
529
533
529
524
526
527
523
519
523
521
516
517
520
515
512
517
516
513
513
516
515
510
513
515
510
508
513
510
506
506
508
504
501
504
503
498
497
500
498
493
494
495
489
487
490
487
482
483
485
481
476
480
481
475
474
476
475
469
472
475
469
465
469
464
460
460
462
457
451
455
453
448
446
449
446
442
448
453
457
469
492
516
540
575
612
645
677
713
744
766
787
807
817
821
826
826
817
806
802
787
769
755
746
728
710
702
691
677
667
663
655
645
646
646
639
635
640
637
632
632
634
630
623
625
623
613
609
608
596
597
597
592
591
596
596
593
596
603
600
600
606
609
607
608
612
611
606
609
608
595
597
593
585
582
579
575
568
569
567
559
555
558
553
545
545
543
536
529
530
525
517
516
516
513
507
509
508
503
500
504
499
494
496
497
491
488
492
489
485
486
489
486
483
488
489
485
485
490
487
484
486
488
485
484
490
488
486
487
491
487
485
487
488
483
484
487
485
482
486
487
484
482
487
485
481
481
485
481
476
479
479
475
475
479
477
474
476
478
474
470
474
470
464
464
466
462
457
459
460
456
457
466
470
476
495
518
541
568
606
638
667
700
734
758
777
799
813
818
821
826
822
810
805
795
778
763
754
739
722
711
703
688
676
672
668
659
654
655
651
645
646
648
643
639
641
638
630
629
629
622
615
616
614
608
606
609
607
605
607
611
608
610
617
619
618
622
628
627
626
632
633
628
627
628
625
617
616
615
608
603
604
599
593
589
589
583
575
576
572
564
559
560
556
547
547
547
541
536
540
536
531
531
532
527
522
523
521
513
512
516
513
508
509
512
508
504
509
509
503
504
507
505
500
504
504
500
498
503
501
497
499
503
497
496
499
497
492
492
495
491
487
491
492
488
486
491
490
485
486
488
484
480
484
481
476
475
478
475
471
473
473
469
465
470
465
460
460
461
455
450
454
451
447
446
451
449
450
464
477
491
514
548
577
608
644
682
711
738
767
787
799
811
822
820
817
817
810
797
785
775
760
743
731
721
703
689
683
673
660
655
654
648
642
645
645
639
638
640
637
630
631
629
623
617
619
614
607
604
606
600
596
599
600
598
598
605
606
604
610
615
614
612
618
620
616
616
620
617
612
614
613
604
600
601
593
585
583
581
574
568
569
565
558
555
556
549
542
541
538
532
528
530
525
518
517
518
513
509
513
511
506
506
508
503
500
501
500
495
493
497
494
490
491
493
490
487
490
491
485
486
490
485
482
485
485
480
478
482
479
476
477
479
475
473
477
474
472
472
475
471
467
471
471
467
466
470
468
462
463
466
462
460
464
461
457
457
459
454
450
453
452
448
447
453
453
454
464
480
493
513
545
575
601
636
671
699
723
751
773
786
797
808
811
806
805
800
788
772
767
754
735
722
712
698
683
676
669
657
651
652
647
640
642
645
640
636
641
637
630
627
629
623
616
617
615
610
608
610
610
606
611
615
615
616
624
628
629
634
639
640
638
645
646
641
640
644
641
635
635
637
631
625
625
620
611
608
608
600
592
592
590
582
578
582
575
568
568
567
560
555
558
556
549
548
551
545
540
543
543
536
535
538
535
530
532
534
530
528
532
531
527
526
528
526
520
523
525
520
520
526
525
521
525
528
525
522
527
527
521
522
524
521
516
520
520
514
512
515
511
506
507
509
505
499
504
500
495
497
503
506
510
528
547
565
590
625
654
680
714
744
767
786
808
821
826
832
837
833
823
820
812
796
782
773
760
744
735
727
714
702
701
695
687
683
684
680
675
678
677
673
669
671
667
658
656
654
644
638
637
632
625
623
624
621
618
622
622
621
621
628
628
626
630
636
634
633
639
638
634
633
636
631
624
624
622
612
608
609
603
594
590
589
582
574
575
570
562
560
561
555
548
548
547
540
535
536
532
527
526
527
523
518
522
521
515
515
518
514
509
512
513
507
506
511
509
504
507
509
504
503
506
505
501
501
503
502
496
499
500
496
494
498
497
493
495
498
495
492
497
496
491
493
494
491
487
489
490
484
481
484
480
474
474
475
470
466
470
468
463
464
470
468
468
480
492
505
527
559
587
615
653
688
718
743
774
795
806
817
830
829
826
826
818
805
793
787
773
756
746
738
725
714
711
703
694
691
693
688
683
687
688
683
682
686
681
674
672
671
663
654
655
649
641
637
637
632
625
628
631
626
625
632
631
629
634
638
637
636
640
640
637
637
640
634
630
632
630
622
618
620
616
607
605
604
596
588
589
585
577
573
575
568
562
562
560
553
550
553
547
540
541
540
535
531
532
531
524
524
526
522
516
519
519
513
510
514
511
506
508
509
505
503
507
508
506
510
518
517
520
525
531
531
536
543
546
543
547
550
546
542
543
538
530
524
520
510
498
492
485
473
464
461
454
445
443
443
437
432
437
436
432
435
441
442
441
447
452
451
454
460
461
458
461
464
461
459
465
465
461
461
465
461
458
460
462
456
453
456
453
448
447
445
434
425
423
413
395
381
370
352
336
330
322
306
296
296
290
284
285
288
286
286
295
301
304
310
316
317
320
335
354
368
384
402
414
427
444
456
455
454
460
463
461
460
464
462
459
465
469
469
473
484
490
493
499
507
508
508
514
516
512
510
512
505
499
498
494
484
479
480
474
468
466
466
462
457
461
461
457
456
459
455
450
452
453
447
445
448
446
442
445
447
444
441
444
443
436
435
438
435
429
432
432
428
428
433
434
432
437
441
441
441
449
448
447
449
453
453
451
456
458
456
455
462
460
457
459
461
461
466
482
501
524
556
598
636
673
719
759
791
819
850
867
880
892
898
896
889
886
878
860
846
833
814
790
773
756
734
716
707
693
677
672
668
660
653
654
651
646
644
646
643
638
640
639
636
635
640
640
639
643
648
649
650
658
662
662
668
676
678
680
687
691
690
688
693
691
684
685
684
677
671
672
667
659
656
656
651
643
643
639
630
626
626
619
610
609
610
606
603
607
608
606
607
611
611
609
612
612
607
607
613
612
612
616
624
625
629
642
654
661
678
701
721
744
774
805
829
863
901
934
958
982
999
998
1000
998
997
999
998
999
998
998
998
997
997
997
997
998
998
998
999
999
1000
998
997
998
999
997
998
998
998
999
999
999
998
998
998
997
997
997
997
997
997
996
999
998
997
997
998
997
997
996
998
996
999
996
997
998
998
998
999
998
1000
999
1000
997
994
993
990
988
991
990
994
998
1000
999
999
1000
1001
999
1000
999
997
988
983
975
966
958
955
945
939
935
935
931
929
928
926
923
922
917
913
907
903
896
887
877
870
865
859
856
855
853
851
851
848
843
837
836
828
821
814
805
795
785
780
772
767
764
764
762
761
766
767
762
755
746
733
716
698
680
660
648
641
637
644
665
700
738
781
827
869
911
959
999
999
998
997
997
999
997
997
998
998
998
999
998
975
931
888
849
819
801
790
785
796
812
829
853
887
916
947
986
1000
999
999
998
999
998
997
998
999
998
998
999
999
981
957
927
897
877
862
851
848
859
869
876
885
894
894
888
887
887
882
880
887
894
906
926
947
960
969
984
990
991
993
999
999
998
998
998
999
999
996
998
995
997
998
999
998
998
998
997
997
998
998
996
997
997
996
998
997
998
997
999
998
998
998
997
997
998
997
997
999
997
996
996
998
998
997
998
997
998
998
998
999
999
999
998
998
997
997
998
998
999
999
997
997
998
997
999
998
998
997
998
998
1000
997
977
950
923
902
884
868
859
855
848
840
834
829
817
807
799
787
770
756
744
728
708
694
684
673
665
665
662
659
659
661
658
657
663
665
668
675
689
700
716
739
764
787
815
843
868
883
901
916
923
927
931
927
917
906
894
878
843
826
806
788
778
765
749
742
739
732
725
726
723
717
713
709
700
689
681
672
659
646
639
629
616
609
603
591
581
580
577
570
568
573
572
570
575
577
576
577
585
585
588
594
600
599
597
600
593
589
589
583
576
575
573
564
561
561
560
562
570
585
596
611
632
648
662
679
694
704
711
719
724
723
721
725
727
728
735
745
747
750
758
762
759
761
763
761
756
752
748
739
730
726
717
705
698
693
684
672
668
662
652
646
645
641
638
642
648
650
657
670
683
692
709
726
743
763
792
819
839
856
872
879
882
878
873
863
856
848
837
823
810
802
791
786
786
786
793
805
821
837
852
869
882
888
897
903
906
907
909
909
902
895
886
877
861
850
844
840
842
850
860
867
883
899
917
936
957
978
994
1000
999
998
998
999
998
998
998
998
997
998
997
997
996
997
997
998
997
997
996
996
998
997
998
997
997
996
996
996
995
997
995
997
997
995
997
995
995
997
996
997
996
997
996
996
996
996
996
996
998
996
998
997
998
997
997
996
997
997
998
998
998
998
998
997
997
997
996
996
997
998
997
998
998
997
997
997
996
996
997
996
998
995
997
997
997
996
997
997
996
998
997
997
998
997
998
998
999
998
998
999
999
997
999
998
998
998
998
996
998
998
996
996
998
997
998
998
998
997
999
999
998
999
998
998
998
999
1001
997
997
999
996
997
997
997
997
997
996
999
999
998
998
998
997
997
997
997
998
999
999
998
996
998
998
997
998
997
997
999
998
999
997
999
997
998
998
998
999
998
997
997
999
999
998
1000
999
999
998
999
1001
999
999
999
999
999
1001
996
990
984
983
978
978
979
976
970
963
956
949
942
939
939
940
944
950
953
956
963
967
969
969
968
965
961
954
952
945
940
942
945
948
954
962
966
970
967
965
958
950
946
938
928
921
916
906
899
893
889
887
887
888
888
887
885
887
882
879
871
862
849
833
820
803
785
773
763
752
746
743
737
732
729
724
720
719
723
729
735
746
756
765
770
772
765
754
745
738
736
734
733
732
736
745
763
783
800
818
837
856
874
891
902
905
902
898
884
867
853
833
814
794
776
756
736
719
707
693
686
685
685
687
691
697
700
700
701
701
700
701
702
701
697
693
691
687
683
683
681
678
673
673
670
672
676
679
681
679
677
665
646
628
611
595
579
563
551
539
532
532
533
538
546
555
561
567
572
574
574
574
573
570
569
574
580
588
597
607
615
620
623
628
626
623
617
610
597
587
577
565
554
549
543
537
536
536
535
536
543
549
554
561
571
579
584
591
597
599
603
608
611
614
620
624
629
633
638
643
645
646
647
647
643
643
642
639
637
636
635
631
628
627
625
620
618
616
608
598
592
587
585
584
580
575
571
564
555
549
544
539
533
530
527
522
520
521
524
526
531
538
541
542
545
543
541
538
537
531
524
518
513
506
503
504
506
506
511
517
522
526
533
536
540
545
551
557
561
