765
768
770
770
771
768
757
745
741
740
735
733
737
730
715
705
697
687
679
682
681
682
686
693
695
691
693
693
689
689
693
692
689
688
687
683
680
680
676
668
665
663
656
648
645
643
634
630
630
624
619
617
616
608
600
599
594
587
585
588
585
580
583
584
578
576
577
573
567
568
570
568
569
574
575
572
573
577
573
571
573
573
567
565
564
564
560
563
568
569
575
590
604
617
636
660
676
693
714
734
745
759
773
781
782
787
789
784
778
775
769
757
753
753
745
741
742
741
735
731
731
723
714
711
707
704
702
708
711
713
717
721
719
711
709
704
695
689
689
685
680
682
683
678
673
673
670
664
663
669
667
664
669
669
663
657
653
640
625
618
613
607
601
605
603
597
594
594
587
582
583
582
578
575
576
573
567
568
570
565
560
562
561
556
555
558
556
552
556
557
554
554
559
559
556
562
565
564
563
565
563
558
554
556
554
550
551
549
545
543
549
552
556
566
580
593
607
625
641
653
669
690
702
715
732
744
751
757
763
764
757
756
754
746
738
737
729
720
715
712
706
699
700
699
695
694
699
698
696
697
700
696
691
694
696
694
695
698
692
684
684
678
666
657
656
650
642
643
646
647
646
655
660
663
668
679
682
680
686
687
683
680
681
676
670
669
671
668
662
665
661
654
647
645
636
629
628
628
625
623
628
625
621
619
617
609
604
604
600
595
593
596
594
589
588
592
587
586
590
588
581
581
582
576
575
579
578
576
581
587
587
586
593
600
603
611
630
644
661
684
708
727
743
765
782
793
806
819
823
824
827
829
825
821
821
816
809
806
805
797
789
791
782
772
765
761
752
744
746
749
747
747
754
754
752
756
760
759
756
761
759
753
750
749
742
730
726
720
712
707
711
711
709
711
716
714
712
717
718
715
714
719
716
711
713
712
707
702
703
698
690
690
689
685
680
682
681
676
670
668
661
655
656
657
652
650
651
647
638
633
632
627
624
628
630
627
627
630
623
613
609
605
599
600
608
613
611
614
615
607
597
593
588
582
586
614
630
650
671
684
697
717
730
742
756
769
774
774
779
777
770
764
763
757
749
749
745
738
729
727
719
709
706
706
703
702
709
712
713
714
718
716
713
713
712
708
703
704
697
689
684
678
669
662
661
656
647
644
644
639
632
630
628
621
617
621
622
621
624
629
625
620
621
618
612
608
611
610
608
611
612
607
601
599
593
585
582
582
577
573
576
575
570
568
568
564
558
558
558
554
551
553
550
542
539
539
531
526
528
529
527
527
531
528
522
521
523
519
516
523
527
529
539
554
565
576
598
617
634
655
680
696
712
730
743
749
753
762
763
761
762
763
756
747
743
735
721
714
712
707
704
705
707
705
706
709
711
706
703
704
699
697
702
705
700
697
697
690
679
675
669
662
660
663
663
660
662
663
656
650
650
649
647
649
654
657
655
660
663
661
659
665
665
662
664
668
663
657
655
650
640
635
635
630
627
626
629
624
619
618
610
599
593
590
583
579
582
583
579
578
579
574
568
567
568
565
563
567
568
563
564
565
561
554
558
558
554
553
558
560
562
574
587
598
612
634
652
668
687
708
720
731
744
753
757
763
771
772
768
767
768
762
756
756
750
738
731
726
714
702
701
700
696
695
702
703
700
701
698
691
681
679
675
669
667
670
666
660
661
657
648
639
636
629
621
621
620
615
612
615
615
611
613
619
619
617
623
627
623
624
626
622
617
616
616
612
608
613
614
611
610
611
606
599
600
598
591
588
592
588
582
583
582
577
571
573
571
566
565
571
570
565
568
567
561
558
560
557
553
552
549
544
539
542
545
543
553
568
579
591
612
630
643
659
679
693
703
719
732
739
745
758
763
761
762
765
760
753
748
742
731
720
713
705
694
689
686
680
674
678
678
674
673
678
676
672
675
676
671
669
670
665
657
651
648
640
630
629
625
619
617
621
619
617
622
627
626
629
636
637
636
639
642
639
637
641
642
638
639
640
634
630
629
625
619
612
615
611
605
603
603
598
593
596
595
590
590
592
588
581
583
584
580
579
585
586
583
585
586
583
578
580
577
570
569
569
566
561
565
570
573
581
597
610
624
644
664
681
697
718
732
741
751
763
769
771
779
783
781
779
781
776
767
761
758
748
739
738
732
723
718
719
713
706
709
710
706
704
711
711
706
707
708
701
697
698
694
690
689
693
691
687
686
687
681
677
676
672
664
663
666
662
660
664
666
664
666
673
675
674
678
680
675
670
671
665
655
653
653
647
643
643
642
634
631
630
624
617
615
612
605
600
603
599
593
593
593
588
583
586
588
584
584
586
583
576
576
576
574
575
581
584
583
587
594
599
601
616
627
636
650
671
689
702
722
739
752
763
778
786
789
796
803
801
798
800
797
788
782
780
772
762
759
755
745
739
740
738
734
738
747
748
751
757
760
757
755
759
755
749
750
747
741
736
738
734
725
722
720
712
702
701
699
691
690
692
690
686
691
692
690
688
692
691
689
693
697
696
693
695
694
686
684
684
676
669
666
664
655
648
648
642
635
633
635
633
633
638
640
637
636
640
636
631
631
633
628
625
628
627
623
623
625
621
618
620
620
616
616
622
621
619
623
632
637
648
667
681
698
718
738
756
773
790
803
806
811
819
819
817
820
822
818
815
818
812
807
804
802
794
783
781
774
764
757
756
750
745
750
753
752
754
760
764
760
761
762
755
746
743
738
727
719
716
709
700
696
697
693
692
696
697
694
698
701
701
698
702
704
701
699
702
698
692
689
687
678
671
671
667
661
662
664
659
657
659
657
650
645
646
641
635
635
636
633
629
631
626
620
618
620
616
609
614
613
609
607
611
605
600
600
600
594
590
593
591
585
585
588
590
592
606
620
631
648
671
687
703
721
739
752
763
781
792
799
804
812
810
804
803
800
791
785
784
776
767
764
762
752
747
746
742
736
735
737
734
730
733
732
727
725
729
725
721
723
725
720
718
719
714
704
698
696
690
680
680
679
677
675
681
679
675
677
679
676
674
679
678
672
673
675
671
664
666
662
656
652
651
645
638
636
637
631
626
628
625
619
620
624
620
617
620
623
619
619
623
621
619
620
618
611
605
593
582
576
576
571
567
570
570
566
563
567
565
560
563
567
567
570
579
591
600
613
633
646
662
681
699
712
726
742
750
753
759
762
759
756
754
751
743
737
735
728
723
723
723
718
717
722
721
718
721
725
722
719
725
725
722
724
730
730
729
731
730
720
712
708
697
683
678
671
662
655
655
653
648
650
654
653
652
655
657
653
652
655
652
647
649
650
648
646
650
651
645
645
645
641
634
636
634
629
628
631
631
626
627
627
623
618
621
619
614
613
617
613
605
605
603
595
593
599
599
597
598
595
588
585
590
591
589
591
595
594
594
612
620
632
652
666
680
700
722
735
750
767
777
782
789
794
792
790
792
792
787
783
782
776
766
764
761
753
746
748
744
738
737
738
735
733
737
739
740
740
746
746
741
739
738
729
721
718
711
700
697
694
687
680
678
678
673
674
680
681
680
684
689
688
688
692
693
690
690
696
694
689
690
689
683
679
679
674
665
663
661
653
646
646
641
633
629
631
625
619
621
621
614
609
612
611
610
614
615
605
596
595
593
591
596
604
604
603
607
607
600
597
600
600
597
604
617
628
639
658
675
686
703
720
734
745
760
773
779
785
796
798
792
796
795
790
784
785
783
775
770
768
761
754
754
757
754
754
761
760
757
761
763
760
756
760
761
759
761
766
762
758
757
753
745
738
736
731
722
716
713
705
700
699
697
690
689
692
691
691
698
704
704
705
709
708
705
705
705
701
697
698
696
686
681
678
669
662
660
658
653
652
657
657
653
653
653
648
644
645
642
636
635
636
633
632
635
637
635
634
638
637
633
633
636
634
631
638
641
642
648
660
667
673
690
705
717
730
749
762
772
787
802
811
823
838
846
848
850
853
847
836
833
824
812
798
792
784
775
773
774
772
774
779
781
779
780
785
782
777
779
779
774
770
773
771
766
764
764
757
748
748
744
735
729
727
719
710
710
707
701
699
705
707
706
710
716
714
711
712
710
704
698
698
693
687
690
691
688
686
688
686
682
683
685
681
675
678
675
669
668
671
669
664
665
663
657
653
656
654
649
648
647
640
635
635
631
622
618
620
616
612
615
613
609
607
612
612
611
616
626
632
642
660
676
689
709
731
751
766
786
803
812
819
830
834
831
834
835
831
826
827
822
814
811
810
804
797
795
792
786
779
779
776
770
770
772
771
770
777
779
778
777
780
774
767
764
761
752
743
742
735
727
724
722
717
711
712
712
706
706
709
705
699
700
701
698
696
699
698
692
695
696
689
683
682
678
669
664
663
657
650
649
649
643
639
642
638
632
633
634
631
626
628
624
616
613
612
609
604
606
609
607
610
617
618
614
616
616
609
604
607
605
600
597
601
597
592
592
593
590
592
603
611
618
634
651
663
675
696
713
725
741
758
768
774
784
791
789
789
792
789
781
779
777
770
765
764
758
749
743
742
736
730
731
731
729
728
735
738
736
739
743
741
740
743
742
736
731
728
719
707
705
703
696
692
695
692
686
687
688
681
676
676
674
670
671
676
675
673
676
678
673
672
676
673
666
665
664
658
651
651
649
643
639
641
638
635
638
637
632
626
627
622
616
616
616
615
611
616
616
612
611
614
609
604
604
603
599
597
601
599
592
593
595
592
590
592
593
586
587
589
586
582
583
585
583
585
596
603
610
623
640
653
667
689
705
718
734
751
761
768
776
780
779
774
777
770
763
758
756
747
739
737
733
726
723
724
723
721
724
728
726
724
729
727
725
727
730
728
724
727
724
718
711
708
698
687
683
679
670
664
664
659
652
652
655
653
652
657
658
656
657
658
656
651
650
649
643
640
640
639
635
635
638
636
631
634
631
624
620
618
614
607
607
608
601
598
600
598
592
593
595
593
591
597
596
591
589
590
583
576
576
578
575
575
581
583
580
584
588
587
584
590
588
583
581
581
575
570
573
576
578
584
599
612
624
642
662
678
691
711
727
735
746
756
759
759
763
762
757
750
751
746
740
738
737
729
719
716
707
696
692
690
686
683
687
691
689
692
700
702
702
704
708
703
696
693
687
677
670
668
659
648
651
651
648
646
655
656
655
658
665
665
667
672
673
670
670
674
672
668
669
667
659
655
656
652
647
646
645
640
636
638
635
630
627
628
624
618
617
615
609
603
603
598
591
588
589
588
585
590
593
587
588
589
583
577
575
572
568
566
569
568
564
565
566
564
562
569
573
575
586
603
614
623
641
660
675
694
718
738
754
770
787
793
793
799
799
792
788
789
783
775
768
764
755
748
748
743
734
734
736
734
732
735
734
730
731
734
731
728
726
726
718
712
710
703
693
688
685
677
671
672
671
665
664
666
664
658
660
662
661
660
668
671
671
676
682
681
678
681
681
675
672
670
667
661
660
659
654
648
652
651
646
644
646
641
636
633
630
623
621
623
617
613
614
612
608
605
606
604
597
596
597
592
587
589
588
582
579
581
577
573
576
576
574
578
590
600
609
625
646
664
681
706
728
744
765
789
802
810
824
833
833
829
830
824
815
808
802
794
783
781
775
767
763
763
757
751
751
751
745
742
747
746
743
745
749
747
743
747
742
735
728
724
714
702
697
691
680
673
671
666
658
656
659
656
655
661
665
664
666
673
673
670
675
680
677
676
679
677
671
670
673
668
663
665
664
657
655
655
648
642
642
640
633
629
631
626
620
620
619
616
612
614
614
609
608
614
612
610
612
613
609
604
606
603
597
598
599
595
591
595
597
596
603
615
624
634
651
669
685
700
723
740
753
769
785
793
800
812
819
817
819
824
821
815
813
810
801
794
793
787
778
776
775
768
761
762
757
751
749
750
746
739
739
738
733
729
729
726
721
720
719
713
707
705
701
690
684
683
676
670
671
672
669
668
673
675
674
678
681
678
673
675
673
665
660
659
653
647
648
649
646
645
650
649
645
646
647
642
635
637
632
625
622
621
616
610
609
607
597
601
601
598
601
604
599
601
600
593
592
595
592
589
590
590
579
577
580
580
580
589
601
614
627
651
671
687
709
732
748
762
778
792
798
805
813
813
809
809
809
799
791
787
780
772
766
765
760
753
755
755
750
746
748
745
736
731
729
721
714
715
713
708
707
711
709
702
702
697
687
678
676
671
666
667
671
670
669
675
676
675
677
679
677
673
677
677
673
671
673
671
665
663
665
661
656
658
658
653
653
657
653
647
647
646
639
633
632
626
619
616
615
607
603
605
603
598
597
600
597
592
593
593
587
585
588
585
580
580
582
579
577
581
584
582
587
596
600
607
621
637
649
666
688
707
724
744
762
773
781
794
803
805
806
816
816
813
816
816
809
804
803
798
791
788
786
779
772
772
768
762
759
761
756
750
751
749
743
738
738
734
728
728
728
724
717
718
714
708
703
704
697
690
691
693
692
695
704
707
710
715
719
717
713
715
714
710
708
712
710
706
707
706
699
695
694
687
681
676
674
668
662
664
663
657
656
655
652
644
646
646
639
634
634
630
622
619
618
612
607
607
604
598
597
599
599
594
597
601
600
605
616
625
635
651
672
688
703
725
742
753
768
783
793
800
811
818
818
816
817
810
800
795
791
782
773
772
769
762
757
757
752
747
747
746
741
735
735
731
724
722
722
716
712
714
712
704
701
700
693
684
681
678
672
665
668
665
662
665
671
671
674
684
689
689
691
697
697
691
691
691
685
678
678
671
663
660
660
655
650
652
648
642
639
640
633
623
626
626
622
620
625
625
622
625
627
624
619
621
619
614
614
616
615
613
617
619
616
615
620
620
617
621
630
635
642
660
677
692
712
736
756
772
794
812
820
827
839
842
841
845
845
843
841
841
838
828
822
816
806
797
794
791
781
777
778
775
767
767
770
766
766
773
775
774
776
782
779
775
773
769
758
749
746
739
732
731
732
730
727
733
735
733
734
739
737
732
732
730
724
719
722
719
715
717
720
716
713
714
711
705
701
702
696
687
687
683
676
671
673
671
665
665
665
659
654
655
653
648
647
650
649
644
647
649
647
646
651
647
642
643
646
646
644
652
658
660
664
675
681
690
707
725
740
757
782
797
810
827
843
853
862
874
880
882
884
888
884
878
875
872
862
856
856
851
845
842
840
833
825
822
819
811
809
812
811
808
812
815
812
811
813
810
803
799
796
786
777
772
763
752
742
739
733
726
729
731
730
730
737
737
735
737
739
737
735
739
738
734
734
737
733
729
729
728
723
718
720
715
711
711
712
707
702
701
696
689
684
685
681
676
676
676
669
664
663
658
652
651
652
649
646
651
652
649
648
652
650
646
649
652
652
653
663
666
669
676
684
690
697
713
726
740
758
779
792
806
821
835
841
846
853
853
847
846
845
835
827
823
817
809
805
807
803
798
798
796
789
784
785
782
780
783
786
784
781
781
777
768
763
759
749
734
729
725
714
706
705
699
690
687
686
682
678
681
682
681
684
690
691
692
697
702
702
702
706
704
696
694
695
688
683
685
682
677
676
679
676
672
674
673
665
660
660
656
650
647
647
640
634
636
632
625
623
625
623
619
623
624
622
619
625
622
619
621
625
625
623
631
632
632
634
641
642
642
651
662
669
680
700
717
731
750
771
784
794
811
820
820
822
830
830
827
832
834
829
827
826
820
810
805
800
791
783
783
780
775
775
780
778
776
778
778
774
768
769
765
758
757
757
752
748
750
746
740
735
733
725
714
706
698
686
676
675
671
666
668
674
674
675
681
683
679
679
681
678
673
675
677
674
675
679
677
670
669
667
659
651
651
647
640
638
636
631
623
625
625
622
621
625
624
622
622
623
617
611
609
604
596
592
594
591
588
592
596
595
596
600
600
599
605
601
597
599
597
593
593
598
600
605
617
629
641
651
671
685
695
710
724
736
745
761
769
771
773
776
771
763
763
761
756
751
754
751
745
744
743
737
731
728
725
715
711
713
709
704
705
704
700
696
698
691
684
680
677
668
661
659
653
643
638
638
633
627
630
632
628
625
631
630
627
628
634
633
634
640
642
640
639
642
638
632
631
629
623
620
620
616
606
601
598
589
583
581
578
571
571
574
571
567
567
568
563
561
565
564
560
560
562
558
554
556
556
551
548
554
552
546
551
552
548
544
547
545
541
543
547
546
548
557
566
574
588
609
624
640
661
681
694
709
727
737
744
753
763
767
769
775
778
773
769
768
760
751
747
744
737
735
740
742
738
742
746
743
741
745
745
742
742
745
741
734
733
729
718
709
706
699
689
686
682
675
670
673
670
664
662
664
664
661
668
672
670
669
675
672
670
668
670
667
661
665
665
662
662
666
662
658
657
655
649
646
650
647
644
646
648
646
645
649
652
650
654
659
657
651
648
644
636
632
633
629
623
622
620
617
615
618
614
609
606
608
603
594
591
588
581
577
582
583
584
594
607
619
630
653
670
683
700
716
730
738
755
767
773
777
787
785
782
781
780
774
769
770
767
763
760
764
761
753
752
752
743
739
739
736
730
731
734
733
734
740
744
745
749
755
753
749
748
745
732
724
716
705
689
680
673
663
654
654
650
642
641
646
648
650
658
666
668
671
680
681
677
680
683
681
677
680
678
672
668
667
661
652
652
650
646
643
646
644
637
636
634
627
622
624
620
617
616
619
615
611
612
611
603
600
600
597
597
600
597
594
598
598
596
596
599
596
590
590
587
579
572
573
571
572
579
593
606
623
647
667
685
705
726
741
750
764
776
780
785
789
790
787
786
787
781
775
775
773
767
763
762
756
748
745
743
736
736
742
744
744
747
753
751
749
751
748
744
741
741
735
728
725
721
713
703
699
690
681
675
673
667
660
661
658
652
650
651
648
645
647
652
649
648
652
649
642
641
640
633
627
626
620
610
604
601
593
584
583
582
575
573
577
576
573
573
572
565
561
563
563
560
562
568
568
569
575
577
575
573
577
574
571
573
576
573
571
575
572
569
569
574
575
573
575
576
572
568
570
567
562
565
571
574
580
594
608
620
635
653
665
676
692
706
715
723
736
739
738
740
741
734
727
726
721
709
703
699
691
680
675
670
663
659
662
661
659
665
669
670
669
674
673
670
669
670
665
657
655
648
638
628
625
616
609
607
609
608
609
617
620
619
620
624
622
618
620
623
620
621
626
623
618
615
618
612
607
608
606
600
597
598
592
586
584
581
574
571
572
570
564
564
564
558
554
555
555
548
550
552
550
548
550
551
545
542
543
539
532
530
531
526
520
523
521
514
512
512
509
506
512
517
519
524
537
545
553
568
586
599
613
634
652
664
680
697
706
711
721
725
724
723
725
719
711
705
700
687
676
671
663
656
651
652
649
643
646
647
642
640
645
647
644
648
654
654
655
658
658
653
653
653
646
639
638
636
629
624
625
620
616
619
625
625
627
636
641
645
650
659
660
659
661
659
654
648
650
648
646
647
647
643
634
633
628
619
615
615
611
607
606
605
596
586
581
571
561
557
555
552
552
558
561
561
563
569
568
563
565
564
560
559
563
561
556
555
558
556
556
566
577
586
623
640
653
672
687
698
708
723
731
737
744
749
749
746
748
745
740
738
735
734
725
724
723
715
712
717
715
709
710
712
709
710
715
717
713
712
714
710
704
703
701
692
684
680
671
661
656
654
649
646
649
649
646
645
646
644
642
648
656
656
658
664
662
656
651
651
644
637
640
639
635
635
640
638
633
635
633
628
623
623
618
609
606
604
598
592
594
592
589
591
593
590
587
591
591
586
584
585
582
578
