830
821
811
805
802
796
788
789
787
780
776
777
771
763
759
754
741
730
723
712
699
690
687
677
669
669
668
664
664
670
670
671
677
682
683
683
689
689
685
685
685
682
675
677
673
666
662
663
660
653
652
649
643
638
639
634
627
623
622
617
611
612
610
604
601
603
601
595
595
595
590
585
587
584
578
577
579
574
572
574
575
572
573
577
577
576
578
579
580
578
580
579
571
571
573
569
564
565
562
556
554
557
554
549
552
555
552
548
552
552
548
547
547
545
542
542
542
536
533
534
531
525
526
527
524
525
534
543
555
573
600
626
651
684
714
739
765
791
808
819
833
844
844
843
845
843
836
831
829
820
809
805
801
792
784
782
775
766
763
760
752
744
741
734
724
716
710
699
687
681
675
666
659
658
654
651
652
657
655
653
660
660
658
659
664
662
662
664
668
667
667
672
672
670
673
675
671
667
666
662
656
651
648
640
632
630
626
618
612
613
610
605
605
606
603
599
601
600
595
593
594
590
584
584
583
578
575
577
575
572
573
575
572
569
573
574
571
572
575
575
572
575
577
572
571
570
567
560
559
557
551
544
545
543
540
539
545
546
546
552
556
554
555
558
554
547
545
543
534
524
521
515
509
505
510
512
518
533
552
572
597
629
658
684
714
743
763
780
800
812
818
824
831
831
829
831
832
828
823
823
819
813
810
806
801
792
788
782
772
768
765
759
751
748
745
737
728
725
717
706
699
696
689
681
681
679
675
674
679
678
677
681
685
685
686
693
694
694
698
706
705
705
711
712
711
711
712
709
703
701
698
692
685
683
677
670
665
663
656
650
652
650
646
644
646
644
641
642
643
638
634
636
633
626
625
625
620
615
618
618
615
613
619
619
617
621
623
621
619
624
623
619
619
622
617
612
614
613
607
606
607
603
599
600
600
596
594
599
598
594
595
597
595
592
593
592
588
586
590
588
586
592
611
626
652
678
704
736
772
802
829
862
885
903
920
936
945
948
951
954
949
942
941
935
923
916
913
905
896
894
890
882
877
877
871
864
861
859
852
845
842
836
827
820
814
804
792
786
777
767
761
757
752
745
744
744
742
741
746
747
747
750
756
756
755
759
760
757
754
755
751
746
743
742
736
730
730
725
720
716
717
711
706
706
705
700
695
695
689
681
678
675
667
659
658
652
646
642
642
639
636
638
642
641
641
645
644
642
643
643
638
631
633
629
622
617
617
611
606
608
608
606
605
611
610
610
613
617
616
614
618
617
613
610
611
607
601
599
596
590
584
586
582
577
576
576
573
570
574
572
568
567
568
567
563
566
570
574
584
604
625
649
681
718
750
782
820
850
878
903
927
942
951
962
965
965
960
960
953
940
933
928
916
907
904
898
889
885
886
881
876
875
873
867
863
860
855
846
840
836
826
813
807
797
783
773
769
758
749
747
745
738
735
738
737
734
734
737
736
733
736
736
734
734
736
731
729
731
730
727
723
724
720
714
713
713
707
702
701
697
689
684
682
675
666
664
660
652
646
645
642
635
633
634
630
626
626
624
620
617
619
614
609
609
609
603
598
601
599
594
594
596
591
588
591
593
591
590
594
593
589
590
589
584
580
582
578
572
569
570
567
564
567
569
566
566
570
569
567
568
568
562
558
557
552
542
538
537
532
526
527
528
524
523
530
533
539
554
573
593
617
650
683
712
747
783
810
835
863
884
895
908
921
927
925
929
929
923
916
913
905
895
888
883
875
864
861
856
846
842
842
837
831
830
828
821
814
815
807
795
787
781
769
758
751
743
732
724
722
716
710
708
709
707
704
709
710
708
711
715
713
709
713
714
709
707
709
706
700
700
699
694
688
687
683
677
674
673
666
658
657
653
646
640
641
634
626
624
623
617
610
611
609
604
601
603
599
595
598
599
595
593
595
593
587
587
587
580
575
578
575
570
568
570
566
562
566
567
565
564
568
567
563
564
565
562
558
561
559
554
553
555
552
548
549
549
544
542
544
543
538
537
537
533
529
530
528
522
520
519
516
512
512
512
507
505
509
507
503
502
505
506
510
525
541
559
585
619
650
683
720
754
782
810
838
857
870
882
892
892
891
890
886
878
870
864
855
843
837
831
821
813
813
807
800
799
796
790
785
784
782
773
770
766
756
744
737
729
716
706
699
691
682
678
677
673
669
673
675
674
675
681
681
680
683
687
684
681
682
678
673
671
672
666
661
662
660
656
654
656
651
646
644
642
634
628
627
620
610
606
605
597
590
591
589
584
583
585
582
579
580
581
576
572
572
569
563
561
561
557
553
555
555
551
551
554
551
547
549
550
545
542
544
543
540
540
542
540
537
539
540
536
534
535
531
525
525
524
519
515
518
516
512
513
516
514
511
513
512
507
505
505
501
494
494
494
491
485
488
488
486
488
495
501
510
528
549
570
596
629
657
685
715
743
765
785
807
821
829
836
843
844
841
842
838
831
823
821
812
803
796
791
781
770
766
760
751
745
740
732
724
721
714
705
696
691
680
671
663
660
652
647
649
647
644
644
648
647
645
650
652
651
651
656
656
654
658
662
661
659
662
660
656
655
656
650
645
642
639
632
627
627
622
614
611
609
604
597
595
593
587
585
584
579
572
572
571
566
563
565
562
558
559
560
557
553
556
555
551
550
552
549
547
548
549
545
545
547
546
542
544
545
543
540
543
542
538
537
540
536
532
534
534
530
529
531
530
525
525
527
522
519
522
520
516
515
517
513
509
511
511
507
506
511
512
514
524
540
556
577
605
636
662
693
726
753
777
803
824
837
847
861
855
846
836
830
822
810
801
799
789
781
779
775
768
762
763
758
749
742
739
728
715
710
699
686
677
674
666
658
659
659
657
657
664
667
667
673
678
680
680
685
686
684
683
686
684
680
682
684
680
679
682
680
674
672
672
668
663
662
660
653
648
647
640
632
630
627
620
613
612
607
599
600
597
594
596
596
593
591
594
592
588
588
590
585
582
584
582
578
579
582
579
576
579
580
577
576
579
577
574
575
575
572
569
571
571
568
568
571
567
564
568
568
565
564
565
563
559
561
563
560
556
558
554
551
553
560
564
572
593
615
638
666
703
735
766
800
831
854
876
898
912
919
927
931
927
922
921
916
905
898
894
885
874
870
866
857
848
848
843
834
830
828
821
814
812
807
795
789
784
774
764
758
753
744
737
736
732
727
726
728
724
721
724
725
724
725
733
733
731
737
742
741
740
745
744
739
735
737
732
724
721
718
709
701
701
694
686
682
681
673
667
668
663
655
651
650
644
637
636
633
627
623
625
620
614
612
612
608
603
606
605
601
599
601
600
596
599
599
596
593
595
592
588
588
588
586
583
585
585
581
582
585
583
580
581
581
577
575
577
572
568
568
569
565
560
563
561
555
553
553
549
544
546
547
544
546
555
564
575
596
624
651
681
720
754
786
817
849
875
894
915
930
937
943
952
953
950
949
949
941
931
928
921
907
899
893
881
870
866
862
852
848
849
844
838
836
837
830
822
821
811
797
786
777
764
749
740
730
720
711
709
705
701
702
706
706
707
713
715
712
713
715
712
706
704
701
692
687
687
683
678
678
680
676
671
673
669
659
653
651
644
634
630
627
618
613
612
608
603
604
606
598
600
598
592
590
590
585
578
577
574
567
564
565
563
558
560
564
563
562
566
568
565
565
568
564
559
558
557
551
548
550
547
542
542
543
542
538
542
542
539
538
541
538
533
533
533
528
525
527
525
519
519
522
519
517
527
538
550
569
598
624
653
689
723
751
778
807
828
842
871
874
875
880
878
872
868
865
857
848
844
839
829
821
818
812
802
795
792
784
776
773
771
764
759
759
751
741
734
728
717
707
703
697
688
683
683
675
670
671
669
664
661
664
662
661
664
668
666
666
673
673
670
670
671
666
661
660
658
652
649
649
645
640
639
638
632
627
626
623
617
612
610
603
596
594
590
585
583
584
584
582
586
590
590
590
594
594
590
588
587
580
571
567
560
550
543
542
537
533
536
542
545
551
563
571
574
581
588
586
581
580
574
560
549
542
531
518
515
515
512
511
518
523
527
534
543
547
549
556
561
560
564
576
586
597
617
640
662
686
716
743
767
793
819
838
851
867
880
882
883
884
878
866
857
849
834
819
813
800
789
781
777
772
766
770
771
768
768
770
765
757
752
745
732
719
711
700
687
679
676
668
663
665
668
668
671
681
687
690
698
704
706
706
712
712
706
704
705
697
687
683
678
668
663
664
665
667
672
678
682
684
690
690
683
676
670
656
641
632
620
605
596
593
588
585
589
597
609
621
631
634
639
645
640
632
627
619
606
595
591
584
577
575
578
579
582
592
599
601
607
617
617
614
615
613
606
599
595
588
578
574
573
566
563
567
570
570
573
580
583
587
597
608
620
636
660
682
706
733
763
786
809
836
859
876
894
911
922
929
939
944
943
942
942
935
925
914
907
892
878
870
860
846
838
835
828
822
823
825
822
822
824
821
813
807
799
786
771
762
751
737
727
723
715
709
709
712
712
715
722
727
729
736
745
748
749
753
753
748
746
745
738
729
726
720
710
702
700
695
688
687
688
684
681
684
683
678
675
675
669
662
657
653
643
636
635
630
624
622
625
622
621
627
630
627
628
631
627
622
620
617
610
605
605
600
595
594
597
596
594
601
604
603
606
610
608
603
601
593
587
587
583
576
575
575
572
568
570
570
568
567
570
569
565
563
563
557
555
559
563
569
584
606
630
656
691
727
760
795
832
861
885
910
929
938
946
954
954
949
947
943
933
922
916
907
896
887
884
875
866
865
864
859
856
860
859
854
853
851
846
836
829
819
803
790
781
765
751
743
737
727
721
721
721
719
721
726
726
726
731
733
731
731
735
732
727
726
726
720
715
716
712
706
706
705
701
695
695
693
687
682
681
676
669
666
662
655
649
649
645
638
636
635
631
624
625
625
620
617
619
616
612
611
613
610
606
608
606
603
601
604
599
596
599
599
595
593
596
594
590
592
594
591
588
591
589
585
585
587
583
578
579
577
572
568
570
566
561
560
560
555
551
554
552
548
548
552
552
552
563
576
590
610
640
667
695
729
763
790
817
847
870
884
898
913
917
917
919
917
908
900
897
888
875
869
863
855
847
846
842
835
831
831
825
818
815
811
803
795
793
782
768
759
751
740
728
723
713
702
695
693
687
681
682
681
678
678
681
681
680
684
687
686
685
690
690
689
689
692
689
685
684
682
675
669
667
661
652
649
647
640
634
632
631
627
623
625
621
617
617
616
612
608
608
603
596
594
594
586
583
584
583
580
578
583
581
580
584
585
583
582
586
585
581
582
583
578
575
577
575
570
569
573
571
568
571
573
571
570
573
571
566
566
566
562
558
558
555
551
550
551
547
544
546
546
543
542
547
546
545
550
559
567
578
600
622
645
675
708
737
764
795
823
843
863
882
894
899
907
913
911
908
908
905
897
888
886
876
864
852
843
834
830
824
815
812
811
803
797
795
790
779
770
764
753
737
730
723
711
703
701
697
692
693
696
696
698
705
709
709
712
717
717
715
719
719
714
711
711
706
700
696
694
689
684
683
680
675
672
672
669
663
662
660
654
648
646
640
632
628
626
618
612
611
608
603
600
600
596
598
601
597
595
598
596
591
590
591
587
582
584
582
577
574
576
576
573
573
575
572
570
574
572
568
568
570
567
564
568
567
562
561
562
559
555
554
554
549
545
548
546
540
539
541
537
534
536
536
532
531
534
535
538
549
564
581
604
635
666
697
731
766
798
823
853
874
889
902
917
920
920
920
919
910
901
897
887
874
868
863
854
845
844
840
835
831
832
828
822
820
816
808
800
795
785
771
759
749
735
722
714
708
698
692
693
689
688
692
697
698
700
707
711
711
713
717
715
711
712
710
703
697
696
690
681
679
678
671
667
668
666
661
660
661
656
652
651
649
641
636
635
628
618
616
612
606
601
599
593
594
594
593
592
596
595
592
589
592
589
583
582
581
576
571
573
571
566
565
568
566
564
568
570
568
569
572
570
566
568
569
565
562
563
561
556
555
557
552
547
550
550
543
541
543
539
535
536
536
532
527
529
527
522
522
524
519
516
517
519
521
528
544
560
582
613
647
680
714
753
787
815
843
869
886
899
912
918
917
913
914
905
893
886
879
865
855
853
845
836
831
830
823
817
816
815
807
801
799
792
780
775
767
753
740
732
722
708
700
695
688
682
682
681
679
679
684
685
683
687
690
688
686
689
688
682
683
682
679
674
676
676
672
670
671
668
662
660
659
652
645
641
634
625
619
615
608
600
600
597
591
588
590
586
582
581
581
575
571
571
568
562
559
559
555
551
553
553
549
547
551
550
546
547
548
544
541
544
543
539
538
540
537
533
535
535
533
531
533
532
528
529
531
528
524
527
526
521
521
524
520
516
517
515
511
508
509
504
498
497
498
494
492
496
498
498
502
513
522
534
557
583
607
636
672
702
730
761
791
813
832
853
866
872
878
884
883
879
878
871
861
851
845
833
822
816
811
802
793
792
785
779
776
775
769
761
759
750
740
730
725
712
700
694
688
679
673
674
671
668
669
672
672
672
679
682
682
682
688
690
687
690
693
689
686
688
686
680
678
678
673
666
666
662
655
650
650
644
638
636
633
627
621
621
617
610
606
604
599
594
593
593
587
584
586
583
579
579
578
573
567
569
567
563
561
563
561
559
561
563
562
562
566
565
561
563
565
561
558
560
559
555
554
556
553
549
552
551
546
543
545
543
538
538
537
534
529
530
528
523
521
523
520
516
518
518
516
516
524
531
540
559
584
607
636
672
705
735
769
802
828
848
870
887
896
901
909
908
902
897
892
881
869
863
853
840
831
826
816
805
800
797
791
785
783
777
770
766
764
755
743
739
729
717
708
703
694
685
682
680
674
671
672
672
668
671
676
677
677
683
686
687
688
694
692
689
691
690
685
681
681
676
669
666
666
658
652
651
647
639
634
633
628
620
618
616
609
603
603
599
592
591
591
585
579
580
578
573
570
571
567
562
563
563
559
556
558
557
552
552
553
550
546
548
547
544
543
545
544
540
541
543
540
539
543
542
538
539
540
536
533
534
531
526
522
525
521
516
518
518
513
510
513
511
505
505
507
503
500
504
506
507
514
530
546
564
594
627
657
690
728
761
789
817
844
861
874
889
895
895
893
893
885
874
869
863
850
842
838
829
817
813
806
797
787
785
779
770
764
760
752
743
739
733
721
712
708
700
690
686
683
676
670
671
669
666
667
671
669
668
673
676
676
676
682
682
680
682
686
685
684
687
687
683
682
683
679
672
672
671
666
662
662
660
655
655
656
651
649
649
647
642
638
637
632
624
621
618
609
600
595
585
582
580
573
568
568
565
561
559
560
557
554
555
555
551
548
549
546
541
540
542
536
530
531
527
521
518
519
517
513
515
518
516
514
518
517
513
514
516
512
508
508
506
500
498
501
500
504
516
534
552
576
609
640
671
705
740
768
793
820
841
852
863
875
878
874
874
872
862
853
848
839
826
817
811
799
789
784
778
770
765
765
761
755
755
753
745
737
733
724
712
703
697
685
675
671
665
657
655
658
657
656
661
666
668
670
678
684
684
687
693
692
689
691
689
682
677
675
667
657
654
652
646
642
645
644
642
643
646
642
637
637
631
622
615
612
603
593
591
589
584
581
583
583
579
581
585
583
580
582
583
577
574
574
569
562
561
559
555
551
553
549
546
547
549
545
543
548
549
547
548
551
549
544
544
544
540
535
536
532
526
525
524
522
517
520
518
514
513
516
515
512
514
517
516
518
528
538
551
573
601
626
656
691
724
750
779
809
831
847
863
877
880
879
883
877
867
859
849
834
819
809
798
785
775
771
763
755
755
754
751
748
750
747
740
736
732
720
708
700
689
675
664
659
651
644
644
647
645
646
655
659
662
667
673
674
673
676
675
668
665
664
660
652
651
650
645
640
643
640
637
637
639
636
632
632
629
622
615
614
605
598
594
592
585
580
583
584
581
582
586
584
583
585
586
581
578
579
573
568
567
565
561
558
561
561
558
561
565
566
564
569
570
568
566
568
564
559
559
558
552
548
550
549
545
545
544
543
540
543
544
540
539
544
542
539
542
546
547
552
565
579
594
618
647
673
700
733
765
791
816
843
862
876
888
898
897
894
893
885
873
864
856
844
833
827
819
809
803
802
797
792
791
791
785
780
781
773
763
756
751
738
725
719
710
702
695
694
688
684
685
689
688
688
695
697
695
697
701
699
695
698
698
694
691
694
691
687
689
690
687
685
687
684
680
677
676
671
664
661
657
649
643
641
635
628
625
624
620
617
619
618
612
612
615
613
609
610
610
606
603
604
601
596
595
597
593
591
594
593
590
591
594
592
589
592
592
589
587
590
588
584
584
585
582
578
582
581
577
576
577
574
571
573
574
571
570
578
585
592
611
634
657
686
720
752
779
809
841
862
881
899
912
917
920
925
922
915
910
906
894
884
880
870
848
843
833
822
817
812
805
800
799
793
783
780
774
762
751
745
735
722
714
709
703
696
696
696
693
693
699
698
699
703
708
708
707
714
714
710
710
713
710
708
710
711
705
703
704
700
693
691
688
681
672
670
663
653
647
645
637
631
631
630
626
624
627
626
623
625
627
624
622
624
619
615
613
613
607
600
601
597
591
589
591
591
588
591
597
595
594
599
599
595
592
592
586
578
577
575
571
568
572
572
571
575
579
577
577
582
584
582
588
601
612
626
651
677
703
732
766
795
819
847
872
886
897
912
915
913
910
907
897
884
876
867
852
841
835
825
813
809
806
799
794
795
793
788
786
786
778
770
765
757
746
735
729
719
707
703
698
689
684
686
689
687
691
698
701
705
715
722
725
727
735
735
730
730
729
722
714
712
705
696
691
689
684
678
678
677
673
670
671
667
661
658
657
652
646
645
641
634
631
632
629
624
625
626
622
621
625
622
616
615
615
610
607
608
607
600
603
600
596
600
601
598
598
601
597
597
597
592
588
589
587
582
581
583
581
579
585
593
599
611
630
650
672
700
732
760
787
818
844
864
884
906
915
922
930
933
931
926
923
914
902
893
886
873
859
854
846
835
830
829
823
818
819
817
812
807
806
798
786
778
767
754
743
737
727
717
710
711
707
704
707
711
711
713
720
724
724
728
734
734
734
738
737
734
732
732
727
720
718
713
704
697
695
689
681
679
680
677
673
677
676
671
670
671
665
657
652
647
637
629
626
620
612
610
612
610
609
615
618
618
622
627
626
622
622
621
614
610
608
604
597
595
593
588
585
588
589
586
589
593
594
592
596
600
598
595
597
596
587
586
585
577
570
567
564
557
554
555
552
549
555
562
568
580
601
623
647
677
711
740
768
801
829
848
868
889
899
904
914
920
918
916
918
914
906
900
895
884
874
866
857
845
837
834
825
818
817
816
812
809
809
804
794
787
777
762
746
734
721
705
695
691
686
681
685
690
693
700
712
720
723
729
733
730
723
722
715
704
695
690
682
675
675
676
673
674
680
683
683
685
687
683
677
675
670
659
650
645
635
624
618
615
608
605
607
605
601
606
607
605
610
612
610
610
613
610
603
603
600
593
587
586
580
573
571
572
569
566
572
575
577
580
588
590
590
594
596
592
588
586
580
571
566
562
554
548
547
546
542
542
547
549
547
554
557
556
557
561
561
559
562
569
576
588
609
634
659
688
722
753
780
811
841
861
879
899
910
914
919
922
916
907
902
892
877
864
855
841
826
817
811
802
795
798
796
793
795
797
792
786
781
772
757
743
731
715
699
690
683
672
669
674
675
676
683
691
694
697
704
706
703
700
700
696
690
689
689
684
681
683
682
678
678
681
677
671
671
667
660
653
650
641
633
627
623
614
608
608
604
598
595
597
593
588
589
588
583
581
584
581
575
575
575
570
567
568
565
560
558
560
558
554
557
556
553
553
558
558
557
560
563
561
560
561
558
551
548
547
540
534
535
534
531
530
535
534
532
532
537
534
531
535
532
531
532
540
545
555
574
597
621
650
685
716
746
779
810
832
852
872
884
888
888
890
883
874
869
862
850
841
837
829
822
820
817
813
807
809
805
801
798
799
792
782
779
771
759
749
739
730
717
710
706
697
691
692
691
685
685
689
689
687
691
693
691
691
696
694
691
694
697
694
692
695
694
691
691
691
686
680
679
675
667
660
658
651
644
641
637
630
624
624
620
614
611
612
608
604
606
605
600
599
601
597
592
591
591
587
582
584
582
577
577
577
575
570
573
573
569
569
573
572
567
570
572
570
568
572
571
568
567
569
566
563
563
563
559
557
560
558
554
554
554
552
549
552
552
550
550
553
551
549
554
561
567
578
600
620
644
676
710
741
772
808
836
857
878
899
908
914
922
925
921
916
915
907
895
889
882
869
852
844
833
826
823
816
807
805
802
795
790
789
782
772
765
760
748
738
733
725
714
707
706
698
694
695
695
693
694
701
703
705
711
716
716
716
720
720
715
713
714
709
703
703
700
695
690
693
690
685
686
686
682
677
677
673
665
660
658
649
639
634
630
622
615
616
612
607
608
609
607
604
607
606
601
599
601
598
593
595
594
591
590
594
595
591
592
594
591
587
589
588
584
583
585
582
579
582
583
578
577
580
578
574
574
574
569
563
564
561
554
550
551
547
543
545
544
545
547
557
567
578
600
628
653
682
717
749
777
806
834
856
872
887
899
902
904
908
903
895
890
885
874
863
852
842
835
833
825
818
815
813
805
799
798
792
783
778
771
760
748
741
732
719
710
706
695
687
685
686
680
677
683
685
684
689
694
696
695
701
704
701
700
704
700
694
693
691
684
678
677
671
664
661
659
652
645
645
641
635
632
632
628
622
623
623
616
613
614
612
606
606
607
598
599
599
592
589
593
589
585
586
587
583
581
585
584
579
580
582
578
574
575
573
567
565
565
563
557
558
558
555
554
557
558
555
557
561
560
564
574
586
599
619
646
669
693
721
748
770
792
821
840
853
868
881
886
886
890
889
882
875
871
860
847
840
832
822
812
809
802
792
789
787
779
770
767
760
749
740
734
722
710
704
699
691
684
683
680
675
675
679
676
675
678
679
677
676
682
679
678
681
684
681
681
685
685
682
682
682
677
669
671
666
658
652
650
644
637
636
634
628
626
627
624
617
613
612
607
599
598
595
588
584
585
580
576
577
580
578
577
582
582
580
580
582
578
573
573
572
567
565
567
565
562
563
566
561
560
563
561
556
554
556
553
549
551
552
549
549
553
554
551
554
556
556
559
572
585
599
623
651
678
707
743
775
803
829
877
890
904
912
912
909
908
901
888
879
871
844
838
831
820
814
813
807
801
799
799
793
788
787
778
767
759
751
738
722
714
704
690
681
678
672
667
669
674
674
675
685
689
692
696
702
703
702
705
704
698
694
693
688
681
679
677
671
666
668
663
659
656
658
654
649
648
645
639
634
632
625
618
615
614
608
604
606
604
599
600
598
594
596
595
592
589
591
588
584
583
585
581
578
583
586
584
586
590
588
584
587
587
584
584
588
586
583
586
587
583
580
581
578
571
569
570
564
558
558
559
555
554
559
558
556
558
561
558
556
565
572
580
596
620
643
670
704
737
767
796
829
855
875
894
909
917
922
929
927
919
913
907
896
883
876
865
853
843
838
831
822
819
818
813
807
809
806
799
792
788
778
766
759
751
738
731
728
723
716
713
716
716
717
724
730
731
738
748
751
751
757
760
757
754
753
747
738
733
729
720
712
711
703
695
690
688
682
674
673
669
661
654
652
646
638
633
630
623
616
613
609
603
600
601
597
592
594
595
592
590
594
592
589
590
592
587
583
584
582
575
574
575
571
568
571
573
571
570
574
574
571
571
572
568
563
565
562
556
550
552
549
545
547
547
545
542
550
550
546
550
553
557
563
577
593
611
636
669
699
731
767
800
829
854
881
897
909
919
926
925
920
920
912
900
889
880
867
854
845
840
828
818
815
808
799
797
793
788
780
778
773
762
754
748
736
723
715
705
694
685
681
675
667
665
667
665
662
668
669
669
672
677
677
677
682
682
679
677
679
674
668
666
665
658
652
652
648
641
638
638
633
628
628
626
621
616
617
615
607
606
606
600
595
593
592
587
585
586
583
578
580
581
577
574
577
576
570
569
570
567
562
563
562
557
554
556
551
545
545
546
540
535
537
535
527
526
527
522
518
519
518
513
512
515
512
507
510
511
506
503
505
502
497
496
497
495
492
499
504
511
524
546
566
589
620
653
680
708
739
761
780
796
812
818
820
827
827
821
817
815
807
799
796
793
787
780
780
775
768
765
764
758
751
751
747
737
731
727
718
707
699
692
680
671
668
660
652
649
650
645
641
643
643
641
643
650
651
651
656
662
664
666
675
679
683
688
692
688
680
678
672
662
655
652
646
637
637
637
633
630
633
632
626
624
625
619
614
613
611
605
600
599
594
587
586
586
582
578
580
579
576
576
580
578
576
581
582
581
582
586
586
586
590
595
595
596
601
601
598
600
604
601
597
599
598
592
589
590
584
576
575
573
568
562
563
561
556
556
559
555
552
554
555
552
551
552
555
554
562
575
584
604
633
661
689
723
757
785
811
838
870
880
891
892
888
887
884
874
864
860
853
844
838
834
826
818
815
811
802
794
792
784
775
771
765
755
746
743
734
724
718
716
707
700
698
696
690
687
689
687
683
685
687
685
684
689
689
685
687
689
687
685
687
688
685
683
685
682
678
677
676
669
664
662
658
650
647
645
638
631
630
628
622
618
620
616
611
610
613
609
605
608
603
599
597
597
591
585
583
582
577
573
575
573
569
571
574
570
568
572
572
569
566
570
566
560
560
559
554
551
555
552
548
549
552
551
549
553
554
552
552
554
553
549
550
549
545
544
545
544
540
541
543
539
537
541
543
544
552
567
581
599
626
655
682
710
744
771
792
816
836
846
853
861
862
857
853
850
841
829
822
814
802
792
788
780
768
764
760
751
743
742
737
729
722
720
713
702
699
693
686
682
682
678
672
672
674
672
672
677
680
679
682
689
689
688
691
694
690
690
692
689
684
683
683
677
671
671
667
660
658
657
653
648
646
644
637
630
629
625
616
614
615
609
605
606
603
600
598
601
599
595
597
598
593
590
592
591
586
587
588
585
581
583
581
575
573
576
573
569
571
571
569
568
572
572
569
571
574
572
569
573
573
568
568
571
569
564
566
567
562
560
562
560
555
555
557
552
548
550
549
545
544
547
543
541
542
542
538
535
538
538
536
542
552
561
575
601
628
655
689
727
758
788
821
848
868
884
902
909
912
913
913
906
896
891
882
868
856
848
835
821
815
807
797
787
785
779
768
764
760
751
742
737
730
715
708
703
693
683
679
676
668
664
667
664
661
664
668
669
670
677
678
679
680
686
687
683
685
685
680
675
675
670
662
658
657
651
643
644
641
636
633
633
628
624
623
620
613
607
606
601
591
590
588
583
578
579
577
573
572
574
571
565
566
566
561
558
561
559
554
554
557
555
552
554
554
551
549
552
550
546
548
550
546
545
550
550
546
546
548
543
539
538
535
529
526
528
522
519
520
521
518
515
518
517
514
514
515
511
508
513
517
522
536
557
577
599
629
661
690
716
749
776
796
818
840
852
860
870
873
871
866
864
854
843
835
825
811
796
788
777
763
755
750
741
734
732
728
719
715
712
703
691
683
675
663
654
649
642
636
634
636
634
634
638
643
644
650
658
661
662
668
673
672
672
676
675
670
668
668
662
655
653
649
641
636
636
631
625
623
621
617
613
614
611
604
601
601
596
589
589
584
578
574
574
570
564
564
566
562
556
558
558
552
551
552
550
545
547
546
542
540
541
539
533
534
534
530
527
529
528
524
524
528
526
525
527
529
526
524
528
526
524
526
533
538
548
568
589
612
640
671
698
722
752
778
797
814
833
841
844
848
848
842
833
830
821
808
798
791
779
766
762
755
744
736
734
727
717
713
709
698
688
682
672
659
649
644
635
625
622
621
615
614
621
622
623
630
637
639
642
651
656
656
657
664
663
660
662
662
656
652
653
648
642
640
639
634
629
630
627
620
617
617
611
606
603
599
591
585
584
580
573
572
572
568
566
569
569
566
566
570
568
564
566
566
560
557
559
557
552
550
552
549
545
547
547
542
541
543
540
535
537
538
534
534
537
536
533
534
537
535
533
537
540
544
554
573
590
609
639
670
696
724
758
785
805
827
847
857
863
872
873
868
863
862
851
837
832
825
813
802
796
788
778
773
770
761
754
752
747
739
732
728
718
706
700
694
683
674
674
670
663
661
664
662
662
667
671
671
674
682
685
684
691
695
695
695
699
698
694
694
696
691
687
688
687
683
679
681
675
668
665
662
653
645
642
636
628
624
624
620
615
619
617
613
613
618
616
614
615
616
612
608
609
607
599
599
594
590
592
591
587
584
588
586
584
587
588
586
584
588
589
586
588
591
590
586
590
592
591
595
608
619
633
658
687
712
742
779
810
837
866
893
910
925
940
949
950
950
951
944
934
927
919
905
895
891
882
873
866
865
859
853
852
848
840
835
833
826
812
807
800
786
775
769
761
750
744
742
737
733
736
738
736
738
744
744
743
746
751
749
749
752
752
748
749
752
750
745
747
746
740
737
737
732
725
723
720
712
703
702
697
689
684
684
678
671
671
669
663
660
661
658
653
653
653
649
645
646
645
640
639
639
637
633
635
635
630
628
631
632
629
631
634
632
630
634
633
627
626
627
623
617
619
617
613
611
614
612
610
611
612
608
606
610
615
619
632
652
673
698
734
767
798
832
868
898
921
944
962
975
983
994
997
993
991
990
982
972
968
961
949
939
936
927
914
910
907
901
895
896
894
888
886
885
878
869
866
859
845
833
825
812
798
788
781
771
760
758
753
746
745
749
748
746
750
755
756
758
763
763
759
762
764
760
754
755
752
744
740
738
733
725
723
721
713
707
706
701
694
690
688
682
675
674
670
663
660
660
656
651
651
650
644
641
641
639
632
630
632
628
621
623
623
618
617
619
616
612
614
614
610
607
610
609
604
604
606
603
600
601
597
595
598
594
590
591
591
587
582
584
582
577
577
578
575
570
572
572
566
564
565
561
555
556
557
550
547
553
554
557
568
589
610
636
674
711
746
786
829
864
893
924
950
964
974
986
987
983
981
976
968
959
953
945
933
927
925
917
909
904
902
894
888
887
881
874
870
869
861
854
852
845
834
826
819
808
795
785
777
764
753
750
743
734
732
734
732
730
734
738
737
739
744
743
741
742
742
737
734
736
734
728
725
725
720
713
712
709
702
697
696
689
682
679
676
669
663
662
657
651
646
645
639
633
633
630
624
620
621
618
613
613
614
608
607
608
608
603
604
599
595
597
596
591
588
589
585
582
582
584
580
578
582
581
578
578
581
579
575
576
575
570
566
567
564
559
558
558
553
549
553
552
548
547
550
546
541
540
537
531
525
526
521
516
517
518
516
515
520
520
518
517
520
517
513
515
517
518
526
545
564
588
621
659
695
731
773
810
840
869
895
913
921
933
940
938
932
930
924
911
903
896
884
872
867
860
850
841
840
834
827
826
823
818
814
815
810
801
794
789
778
765
754
742
727
716
710
701
692
689
686
683
680
684
684
683
684
688
686
685
689
689
685
684
688
685
681
682
682
677
674
676
674
667
666
665
658
652
650
647
639
636
635
628
621
620
616
609
604
607
607
598
595
588
580
578
575
569
566
568
564
559
560
560
555
553
555
553
549
549
550
546
542
544
543
538
538
540
536
531
532
532
528
525
528
526
522
523
524
523
519
522
523
519
518
521
518
514
514
514
508
505
503
501
494
491
492
488
485
487
487
485
483
486
485
481
483
484
479
477
479
478
474
475
480
483
493
513
536
558
588
626
660
693
729
763
790
813
838
853
861
870
878
876
870
868
860
851
842
836
827
815
810
806
796
788
786
781
775
771
770
765
759
757
752
742
733
729
718
706
700
693
683
675
674
672
667
669
674
674
676
682
689
688
690
697
698
697
699
703
700
698
701
698
694
691
691
686
681
680
677
671
666
666
660
653
650
649
641
634
633
629
620
616
615
609
601
601
595
593
596
592
588
588
589
585
583
584
584
581
581
583
581
577
579
579
575
573
575
574
570
571
573
569
568
572
573
569
569
572
571
568
570
571
568
566
570
568
564
564
565
561
557
558
557
552
550
551
548
543
544
543
537
534
535
533
526
527
529
525
522
525
526
527
530
541
554
569
596
627
655
691
731
767
800
834
867
890
909
930
942
946
949
953
949
939
935
927
915
903
896
885
872
865
861
852
845
843
838
830
826
824
817
809
805
799
787
776
770
759
745
736
732
722
714
711
708
702
703
706
704
703
706
712
711
712
717
718
717
718
721
717
713
715
712
707
702
702
697
690
689
686
680
675
675
670
663
660
658
650
642
639
634
625
621
619
614
607
607
606
599
596
598
596
590
591
593
588
584
585
584
579
578
581
579
574
576
578
575
574
576
574
572
570
572
568
562
564
564
560
558
561
560
556
558
561
559
557
560
559
553
553
554
549
546
545
545
541
538
540
538
532
533
534
528
524
525
523
518
517
518
516
512
515
517
516
522
537
554
572
638
671
709
752
790
823
856
888
910
924
942
951
952
953
955
949
937
930
925
915
906
903
897
888
883
880
872
864
861
855
846
839
836
829
820
814
811
801
792
787
779
767
760
756
747
736
733
728
722
719
721
719
716
719
722
722
721
726
728
725
725
728
724
719
721
719
713
709
710
705
699
696
694
688
683
681
678
671
666
665
658
651
650
647
639
634
633
627
622
619
618
612
604
605
604
597
594
596
592
587
591
592
590
590
595
595
592
594
596
591
587
587
583
576
572
572
567
562
564
566
563
563
569
571
570
573
576
574
571
572
568
561
558
555
547
539
537
534
526
520
524
522
517
517
519
517
514
516
515
511
511
514
515
520
532
550
568
591
624
655
684
718
754
782
807
834
856
870
881
896
900
899
903
900
893
884
880
873
861
852
845
836
826
822
816
805
800
800
794
788
788
785
778
772
769
759
746
736
730
717
701
695
687
677
672
672
670
666
671
676
677
679
687
689
689
692
697
695
692
693
692
686
682
682
677
670
668
666
661
658
658
654
649
646
646
641
634
633
632
623
618
616
611
604
601
595
590
591
589
583
582
585
583
581
583
584
581
579
581
579
575
576
578
575
572
574
573
569
569
571
568
564
565
565
561
560
561
559
555
556
558
554
551
553
553
547
544
545
540
534
534
533
528
525
529
527
524
526
528
529
531
544
557
570
591
618
643
669
702
732
756
780
806
825
837
851
862
865
864
867
864
854
851
842
831
827
823
812
803
799
793
783
777
773
767
758
753
745
733
723
716
704
691
685
678
669
662
663
660
656
656
660
659
660
667
670
670
673
681
682
682
685
688
685
682
685
684
678
676
675
669
663
662
658
651
645
644
