421
416
420
415
407
406
409
403
402
413
425
439
461
496
530
564
609
654
689
724
764
791
810
831
849
853
853
860
849
841
837
823
806
798
788
772
758
751
737
721
712
704
687
672
664
652
633
620
611
596
580
575
567
554
545
548
546
540
541
545
542
541
549
551
548
551
558
558
557
561
564
559
557
562
559
552
552
552
545
538
540
535
526
522
523
515
508
508
508
499
493
495
489
480
479
479
472
464
468
465
458
456
460
455
450
454
457
453
451
460
463
463
477
497
517
543
582
621
658
698
743
779
807
840
867
882
893
906
909
904
903
901
889
875
869
859
841
828
822
806
788
780
769
753
739
730
715
696
684
672
654
636
626
613
596
585
581
571
561
562
560
556
554
560
561
560
564
571
570
569
576
578
574
573
578
573
567
568
568
559
553
555
549
539
536
535
525
516
516
511
499
496
495
488
481
480
480
471
466
468
463
455
454
455
447
440
443
440
433
430
434
429
423
429
437
445
460
488
516
544
582
625
660
693
733
764
784
805
828
835
839
843
845
834
825
820
809
791
782
772
754
737
729
716
698
685
678
662
644
632
620
600
583
573
558
538
527
522
510
500
502
501
496
495
502
501
499
505
509
508
508
516
518
515
518
523
519
516
522
521
514
510
512
505
496
495
493
484
477
480
475
465
464
463
456
446
448
443
433
429
431
426
418
419
420
411
405
409
405
397
398
400
396
396
409
421
435
459
495
527
560
605
646
680
713
752
777
794
814
830
833
830
835
830
821
810
806
794
777
771
763
750
737
735
726
713
706
702
688
673
667
656
636
622
614
598
581
574
565
551
539
541
535
526
527
530
526
524
529
533
528
530
536
534
529
533
536
530
527
531
529
519
517
518
510
502
504
502
494
491
494
489
481
481
481
473
466
468
463
451
447
448
437
430
432
429
420
417
422
415
409
413
420
423
433
459
483
510
547
591
628
663
706
742
767
794
819
833
839
848
852
846
839
838
828
816
807
803
791
774
770
758
745
733
729
719
702
698
688
672
655
649
634
615
603
595
580
567
565
557
546
541
541
536
530
534
538
534
535
542
545
540
544
548
546
540
544
542
535
529
532
526
515
516
515
507
503
506
504
497
497
496
491
483
483
480
470
465
466
459
451
450
450
443
440
442
439
432
431
435
433
435
450
466
484
511
551
585
619
663
703
734
763
796
818
830
845
859
859
854
843
834
829
818
803
797
789
773
759
753
743
727
718
711
697
682
676
664
646
634
626
612
596
588
581
570
561
562
557
553
553
559
557
557
563
567
566
568
574
573
569
571
574
566
563
565
561
551
549
549
541
532
531
527
517
512
513
506
498
496
495
486
480
482
473
467
463
464
454
448
448
446
437
433
437
432
425
431
437
441
453
478
503
528
565
607
642
677
719
753
778
803
829
843
849
860
867
861
856
856
848
835
827
824
812
797
793
784
770
760
754
744
727
720
710
692
675
668
650
632
617
611
594
581
577
572
563
561
565
565
560
566
571
570
568
577
577
574
575
580
576
570
573
571
563
558
559
553
544
544
541
531
523
526
520
509
507
509
500
494
493
491
482
478
480
474
465
466
465
457
451
453
449
440
439
441
436
432
439
445
452
467
495
519
547
587
627
661
694
736
764
789
812
837
845
849
859
863
854
851
848
839
825
820
811
796
785
780
768
753
743
737
721
705
697
686
666
653
644
628
610
601
592
577
564
562
554
544
542
543
540
534
539
542
539
540
546
548
544
549
552
547
544
549
546
539
534
539
532
526
527
526
518
514
517
511
502
502
500
493
484
485
481
469
467
468
460
451
453
450
443
437
440
435
427
428
427
422
418
425
430
433
448
474
494
519
559
596
630
666
708
740
762
793
817
829
838
852
856
850
849
850
840
827
825
818
803
793
789
776
760
753
748
732
718
711
698
677
664
654
637
617
609
598
581
568
567
556
545
543
546
541
538
547
549
546
550
557
557
553
558
559
552
548
552
547
537
538
536
527
519
521
515
505
501
501
493
482
483
480
470
463
463
459
447
449
448
442
435
437
434
425
422
425
419
411
414
416
408
405
412
408
405
409
419
426
437
463
489
513
549
590
625
656
696
728
752
772
797
809
813
822
826
822
812
811
801
787
776
769
754
738
732
723
708
695
693
680
665
656
649
633
617
609
596
578
567
562
546
537
536
535
528
526
531
532
527
535
539
537
534
542
542
538
540
545
541
536
538
538
529
524
526
521
510
508
508
499
492
494
490
481
481
488
487
482
486
486
478
472
476
470
464
463
463
457
453
455
452
443
441
444
437
430
432
435
433
440
459
478
497
530
569
601
636
678
713
738
767
795
812
822
837
843
841
837
840
830
817
811
803
789
774
771
762
746
738
735
723
708
701
691
672
658
648
630
610
595
586
567
552
546
540
528
524
529
526
523
531
538
538
539
549
551
547
551
555
550
545
549
547
538
536
537
529
521
519
517
507
499
498
494
483
480
481
472
466
467
464
457
452
454
447
440
439
438
429
423
426
423
415
413
415
411
406
412
418
421
434
460
484
509
548
587
619
652
695
726
750
779
805
820
828
843
849
844
840
842
832
819
813
807
793
781
778
766
750
744
737
725
711
707
696
678
665
656
640
620
610
599
580
567
562
552
538
535
533
527
520
527
527
523
524
532
529
526
529
534
527
524
530
527
519
521
521
513
506
507
502
491
485
485
477
465
465
462
452
445
448
442
434
431
434
425
420
420
419
409
405
410
404
397
399
400
395
394
403
408
415
434
461
486
515
555
593
625
663
700
731
754
782
804
813
822
833
834
830
826
825
814
801
799
790
774
763
761
748
737
732
725
714
703
701
690
672
662
654
634
617
608
597
577
567
562
552
542
542
542
535
532
539
539
536
540
546
544
541
548
549
543
542
546
542
534
534
534
525
517
520
513
503
499
500
490
480
481
477
468
463
464
460
451
452
451
443
438
439
434
425
423
424
418
409
412
410
402
402
409
410
415
435
459
482
510
554
591
624
666
708
737
762
793
814
825
834
847
847
843
841
841
827
816
813
801
788
780
775
763
749
747
739
726
717
713
700
684
674
664
643
626
617
584
570
565
552
539
538
534
527
524
530
527
525
529
534
534
533
541
543
538
541
544
540
534
537
534
525
520
522
516
506
505
503
493
484
485
478
469
465
466
458
450
451
449
442
436
440
434
426
427
428
420
416
421
417
410
410
412
409
405
414
422
432
449
479
507
537
578
620
656
691
733
765
789
815
840
850
856
866
868
861
856
856
846
831
826
819
806
792
788
779
763
755
751
740
724
721
711
692
679
669
651
631
618
607
587
572
566
557
543
539
538
532
524
530
531
525
524
532
530
526
530
533
530
526
531
529
520
517
518
509
500
499
497
487
482
481
476
465
463
463
452
446
447
443
433
432
434
427
418
422
421
413
410
414
411
403
404
406
400
395
399
398
391
396
405
412
424
448
476
501
536
581
617
650
691
728
754
776
803
820
825
833
842
837
828
829
823
810
797
793
779
763
754
749
734
721
719
710
695
687
681
667
648
639
627
608
591
584
568
550
543
539
526
519
522
520
514
514
523
520
519
524
529
524
524
530
529
522
525
527
522
516
521
518
509
506
508
501
491
493
490
481
474
477
471
462
461
462
454
446
448
446
437
432
435
427
418
421
419
412
407
411
407
397
399
400
394
388
393
395
395
405
427
447
468
508
546
581
617
665
700
728
761
794
809
822
839
846
843
840
845
835
820
818
812
796
784
783
771
757
751
746
734
719
716
704
688
676
668
651
629
621
608
588
573
568
557
541
536
536
528
522
529
531
526
529
537
535
532
537
540
535
533
538
536
527
528
529
522
514
517
514
504
500
502
494
483
484
480
470
462
464
458
449
447
449
441
433
436
434
425
422
425
418
410
411
412
402
398
401
398
388
389
393
390
387
402
415
426
449
481
510
540
580
619
650
681
720
746
763
783
800
804
803
810
807
796
788
786
773
757
751
744
727
715
710
697
680
672
666
648
630
622
609
588
572
563
544
523
517
508
495
484
485
479
471
473
478
474
471
480
483
479
482
491
490
486
491
493
486
481
484
480
469
468
467
458
449
451
446
437
431
434
427
418
419
420
410
404
407
402
392
391
393
384
376
381
379
369
366
371
366
359
362
364
356
353
361
363
366
380
403
424
448
486
523
553
592
634
667
693
727
754
769
781
799
802
800
799
801
792
778
776
768
753
743
739
727
713
707
702
687
676
674
662
645
634
627
609
589
580
567
549
535
530
520
506
506
504
498
495
503
503
498
503
509
508
504
512
513
508
507
511
507
500
501
501
493
487
488
483
472
470
470
462
452
454
451
441
435
439
433
424
426
425
417
411
416
411
403
400
402
396
387
390
389
381
375
384
383
383
396
417
433
460
500
537
571
612
654
688
713
748
774
789
802
819
824
818
821
820
808
795
793
781
767
756
753
742
728
725
720
704
695
692
681
664
656
648
630
613
607
593
573
563
557
544
531
529
526
517
512
518
516
511
517
524
521
520
528
529
524
526
531
527
520
524
523
515
509
511
505
495
494
494
485
477
482
476
467
464
465
459
449
451
449
440
435
436
432
423
423
423
416
408
413
410
402
401
408
408
410
430
449
470
498
543
578
614
657
699
731
760
796
819
833
848
863
864
860
865
860
849
838
838
826
811
804
801
783
771
769
758
741
729
726
709
691
682
670
649
633
624
608
587
580
572
557
545
545
540
530
531
536
531
528
535
538
534
534
542
540
535
539
541
534
527
533
529
519
516
518
509
501
501
499
488
482
485
476
466
465
465
455
448
449
444
435
431
432
425
416
416
416
405
401
404
401
392
393
397
394
396
415
433
449
480
522
557
591
637
678
710
741
778
801
815
831
848
847
845
851
847
836
829
824
813
798
792
784
766
753
751
737
720
711
704
686
669
662
647
626
611
603
584
564
556
545
530
518
519
511
502
501
505
498
495
504
506
503
505
514
512
508
513
517
511
508
514
511
503
503
505
496
488
489
483
471
467
467
459
449
450
448
440
434
438
434
426
427
430
423
416
420
417
407
404
407
402
394
396
396
390
388
396
401
405
427
454
479
509
552
596
628
670
711
740
765
797
818
829
837
850
851
847
844
846
833
822
819
812
795
784
781
765
749
744
733
717
701
697
681
660
651
640
621
595
581
564
552
549
537
524
524
522
514
509
516
514
510
511
519
515
511
518
518
511
510
514
509
501
502
503
492
485
487
480
469
467
467
458
451
453
451
441
439
444
437
429
432
432
423
419
423
419
411
411
414
409
401
408
404
400
396
401
398
393
404
415
425
442
473
501
529
567
608
639
669
707
735
752
771
790
797
797
803
804
795
786
784
774
756
748
745
731
715
713
704
688
678
675
662
643
635
624
605
587
578
565
542
533
526
512
501
500
498
490
486
493
491
485
492
496
493
489
498
497
491
491
496
490
483
486
485
476
470
473
466
456
457
456
448
441
444
440
430
430
430
424
415
418
417
405
404
408
402
393
393
395
387
382
386
382
373
374
378
373
371
383
394
406
427
462
490
518
562
601
633
664
703
732
748
772
790
798
799
806
806
796
787
785
775
756
752
744
727
712
709
697
681
673
669
655
639
633
622
603
588
581
563
542
533
524
507
493
492
485
474
474
477
472
469
477
481
480
480
491
488
483
487
489
482
476
481
477
468
464
467
461
452
454
450
440
435
438
430
421
421
421
412
405
408
404
394
392
392
384
375
376
375
363
360
361
356
347
350
354
350
352
369
385
400
427
463
494
525
568
604
633
665
698
721
735
753
767
767
765
770
767
754
746
744
730
713
710
700
686
673
670
659
642
635
628
611
594
587
570
550
535
525
505
486
479
469
454
444
444
438
428
430
432
427
424
431
432
425
427
433
430
425
432
434
427
426
430
427
417
417
418
409
401
405
402
392
390
392
387
378
382
382
374
369
373
369
361
361
361
353
347
353
350
342
342
344
339
333
337
345
357
381
403
424
460
499
531
566
607
641
665
693
722
736
744
758
763
759
753
757
748
735
730
727
713
701
700
689
675
667
665
651
637
631
621
604
587
581
563
544
534
525
509
495
494
485
475
473
477
472
467
474
478
475
474
484
485
481
485
491
487
484
489
488
481
478
481
474
466
469
467
460
455
459
453
444
444
445
436
428
430
427
417
416
418
412
404
406
405
397
391
396
393
385
387
389
385
381
390
395
400
416
443
467
493
535
574
608
644
686
717
740
769
793
805
813
827
831
825
822
824
813
800
795
788
775
764
762
753
739
735
731
718
706
702
691
673
661
652
634
615
605
593
576
563
560
552
539
539
540
536
530
537
538
535
537
546
546
543
549
552
547
545
549
546
537
539
538
529
522
523
518
507
503
503
496
486
487
485
476
471
474
470
460
460
463
455
448
453
450
443
439
443
437
430
432
431
423
420
425
426
427
439
458
477
501
541
578
611
650
694
727
754
786
813
827
840
856
862
859
862
863
853
843
841
831
818
807
801
788
771
765
756
740
726
721
705
685
672
661
640
623
611
599
578
567
560
548
537
536
537
528
527
531
532
527
530
536
532
530
535
534
528
525
530
524
516
518
516
507
502
503
496
486
484
483
474
466
467
462
453
447
448
441
432
431
432
423
418
420
417
408
408
408
401
394
398
397
388
386
390
387
380
388
395
399
413
438
464
489
528
572
606
643
684
719
742
769
795
808
814
825
829
823
815
817
806
793
787
781
769
754
754
744
730
720
717
703
685
679
667
648
631
624
608
588
576
569
553
537
536
529
519
516
520
516
509
515
520
514
515
526
527
523
527
531
529
525
530
529
522
518
521
513
504
503
503
493
488
489
484
475
473
474
466
457
460
459
448
445
448
441
434
435
434
425
419
423
418
410
410
414
408
401
404
404
401
408
423
438
454
487
523
554
589
635
671
700
733
765
784
797
817
828
828
828
834
827
815
810
805
790
778
773
760
743
734
728
713
698
693
682
666
652
645
629
609
598
588
569
550
549
538
524
518
520
513
506
512
515
509
511
518
517
512
517
521
516
513
519
516
508
508
508
500
492
493
491
479
474
476
468
458
458
456
448
442
446
441
434
431
433
425
418
421
418
410
405
408
402
392
393
395
388
381
384
379
371
372
381
384
391
417
443
467
502
548
585
621
662
700
728
752
782
796
802
811
819
813
804
801
795
777
765
761
743
722
714
703
685
668
660
647
627
615
605
588
566
556
542
522
505
499
483
466
461
456
447
440
444
443
437
438
444
441
437
443
444
437
437
442
439
432
436
438
431
426
428
424
414
411
413
405
396
398
397
387
383
386
380
371
370
369
362
356
358
354
345
343
347
340
333
336
336
327
326
328
323
316
317
318
313
316
333
348
365
392
427
459
489
533
571
599
629
662
681
694
709
722
722
720
723
715
705
695
690
674
657
650
642
624
615
610
598
581
574
566
547
530
524
509
489
478
471
456
441
439
433
422
417
420
417
412
416
422
418
419
427
429
426
429
437
434
429
435
436
428
423
428
422
414
412
414
403
399
401
398
388
385
388
380
371
374
372
363
359
363
356
349
349
349
343
335
339
336
328
327
330
323
317
320
322
318
325
344
359
378
410
446
480
514
558
595
622
655
687
709
721
740
751
750
749
754
746
734
730
725
710
696
692
682
666
656
654
640
625
621
612
595
580
575
559
541
530
522
505
491
488
480
468
464
466
461
455
459
463
457
458
466
466
463
467
474
470
467
474
475
469
470
474
471
464
467
466
459
453
457
452
442
442
444
435
428
431
429
418
418
420
414
406
408
408
401
396
401
397
388
391
392
386
383
392
398
403
420
448
471
497
536
574
606
639
681
709
733
756
781
789
793
805
803
794
790
790
779
765
763
755
742
730
728
719
703
696
693
677
666
661
648
632
617
611
595
577
570
560
546
534
532
523
512
511
512
508
505
513
516
514
517
525
525
520
526
528
524
520
526
522
514
514
515
507
499
500
495
486
482
482
475
466
466
464
454
448
451
445
435
435
433
428
420
425
422
414
412
415
411
406
412
416
419
432
455
480
502
539
577
610
641
682
714
739
764
792
807
815
830
838
835
832
837
829
819
814
809
796
783
778
769
754
744
739
727
711
706
696
678
663
656
641
622
611
604
588
574
571
564
551
546
547
544
537
541
543
539
539
546
546
543
544
550
545
541
545
545
537
535
537
533
524
525
523
515
508
510
504
494
492
491
484
475
476
473
465
462
463
456
448
449
449
442
437
439
434
426
427
432
431
437
456
476
496
527
566
598
629
665
701
725
748
777
792
800
812
821
819
813
814
808
796
786
784
772
759
755
748
735
724
721
710
695
685
678
660
643
633
620
600
587
579
568
553
550
546
536
530
535
530
526
529
537
535
535
543
547
544
547
553
551
547
551
552
546
540
545
540
533
531
531
523
516
516
511
503
497
498
491
482
481
479
470
464
467
462
454
452
454
449
443
448
445
438
438
442
442
441
455
472
487
511
549
583
615
654
695
727
755
789
815
828
843
861
857
860
857
848
837
835
826
812
805
799
786
773
769
760
746
736
731
716
699
689
678
658
642
633
619
601
591
585
572
562
561
559
551
551
556
555
552
559
562
560
558
566
564
560
563
565
561
557
559
556
547
544
545
538
528
527
524
514
506
507
501
492
488
488
480
474
475
473
464
459
463
457
450
450
451
444
441
444
442
437
440
450
459
471
498
526
555
591
634
670
702
738
772
794
814
837
849
852
857
862
856
847
844
838
825
815
811
800
785
778
772
756
743
738
726
710
699
690
674
655
646
632
612
598
589
575
560
556
550
543
535
541
539
535
539
546
546
545
553
555
552
552
556
554
546
547
547
539
532
534
529
520
516
517
510
502
504
500
492
487
489
484
476
476
475
468
460
462
459
450
448
450
444
437
438
435
428
425
427
426
423
432
445
458
479
514
547
578
617
659
692
721
756
784
801
818
836
844
844
848
851
843
834
833
824
810
802
798
786
772
766
758
743
731
726
712
694
683
674
656
638
630
616
597
586
580
566
555
552
550
542
539
545
544
542
547
553
551
549
556
556
550
552
556
551
544
547
546
537
532
534
526
516
514
512
502
493
492
487
478
475
476
470
463
466
466
459
455
458
454
444
443
444
438
430
432
429
419
418
420
416
414
423
436
446
466
500
530
560
644
678
707
744
771
788
805
824
828
828
834
833
822
813
813
802
788
779
774
759
743
740
728
713
701
692
677
659
650
635
615
599
591
575
558
547
543
527
517
517
513
505
504
510
506
502
508
512
508
509
517
518
514
517
521
517
511
516
513
505
502
506
500
491
493
492
482
477
480
475
467
467
468
461
454
456
453
444
443
444
440
431
434
433
426
422
427
424
416
417
420
416
415
425
435
444
466
498
525
555
597
637
667
702
739
766
786
807
825
831
832
840
839
829
823
823
813
801
796
786
771
758
754
742
727
720
717
705
691
686
672
651
637
629
611
593
587
578
567
557
559
552
544
545
548
544
539
546
547
541
542
548
546
542
545
550
544
541
545
541
532
532
531
525
515
518
515
503
499
500
492
483
484
480
472
466
470
467
458
458
460
453
446
447
444
435
431
434
428
420
420
421
413
412
421
426
433
453
480
507
535
576
613
645
678
715
742
760
785
803
809
814
824
822
813
812
811
798
786
785
777
762
751
748
734
718
712
705
688
673
667
652
631
617
607
588
569
562
554
538
530
531
524
517
520
522
520
519
529
531
528
533
540
539
536
542
543
539
537
543
538
532
534
534
526
520
522
517
508
504
505
497
490
492
489
480
476
479
473
466
467
466
459
454
459
454
447
447
448
442
434
437
435
428
426
433
435
440
462
486
508
537
579
613
643
680
717
743
765
791
809
818
826
835
833
824
824
819
807
794
790
779
764
755
747
734
721
714
704
689
676
668
650
631
620
609
588
575
569
558
545
539
537
531
524
529
529
525
524
531
529
525
528
531
528
525
532
532
528
530
534
530
524
527
524
515
510
513
504
496
495
493
482
475
477
472
462
460
460
454
445
445
443
435
430
433
428
421
425
425
419
415
420
417
412
415
425
430
440
467
495
521
556
597
632
662
699
733
756
776
800
815
817
824
829
823
813
811
804
788
776
771
757
740
735
726
714
699
696
686
673
663
658
643
625
617
605
585
571
564
548
533
528
524
514
507
511
509
503
506
513
511
509
516
520
516
515
521
518
511
512
514
506
500
503
500
492
488
489
481
472
475
472
460
455
459
453
445
445
445
438
431
435
433
424
428
436
437
433
439
439
433
430
436
438
441
456
480
500
526
566
600
629
668
706
735
759
791
813
825
834
849
851
842
846
843
832
819
815
807
791
783
780
769
757
755
748
735
726
724
710
693
684
673
655
637
629
615
598
587
583
572
561
561
560
554
552
558
558
554
559
564
561
559
566
567
562
562
567
563
556
560
559
549
545
548
542
533
530
528
519
511
513
508
497
493
494
488
477
478
476
464
459
463
457
448
450
451
444
437
441
441
435
443
459
473
490
523
558
588
622
665
699
727
758
792
810
827
849
860
864
867
859
848
844
836
822
810
807
794
780
772
767
753
739
735
724
706
695
688
670
651
642
630
611
598
591
579
562
558
556
548
540
545
543
537
539
544
543
537
542
545
540
537
542
540
533
533
536
529
522
525
522
513
510
513
505
496
498
496
487
480
482
477
467
464
466
458
449
450
448
436
434
434
428
419
421
420
414
412
420
424
430
450
476
502
531
574
613
645
681
718
748
768
796
816
825
832
845
846
839
838
837
827
815
813
804
788
778
774
761
747
742
734
718
705
701
687
667
656
645
626
606
599
585
569
556
555
545
535
534
538
531
528
536
536
534
535
544
538
537
542
542
537
537
542
537
532
534
535
527
522
525
520
511
508
508
501
491
493
489
479
476
477
470
460
461
461
452
447
449
444
434
432
436
425
420
423
422
416
417
427
435
446
474
505
535
570
617
655
688
724
759
780
798
821
835
838
841
848
844
835
832
826
812
799
795
782
766
757
753
740
726
723
714
698
687
682
665
646
637
627
607
591
586
572
556
550
548
536
528
529
528
521
520
527
526
520
527
533
529
531
538
537
531
533
535
529
521
524
520
510
503
505
497
486
485
485
475
468
471
466
457
454
454
448
439
443
440
431
427
430
426
418
419
420
413
409
414
411
406
411
425
435
449
481
516
546
582
628
663
694
731
763
783
800
822
833
834
840
846
839
831
831
827
814
805
804
792
777
773
767
753
741
737
726
709
698
687
670
651
641
628
610
597
592
582
568
566
565
557
551
556
555
550
552
558
557
552
561
563
559
557
565
562
555
556
558
550
543
546
540
530
528
529
521
511
512
508
497
491
492
485
475
473
472
465
457
459
454
446
443
445
439
432
433
434
426
422
428
423
416
421
431
436
452
481
510
539
577
623
655
687
726
757
777
798
821
830
831
838
842
836
825
827
819
806
800
796
783
768
764
755
739
726
721
708
691
682
673
654
636
628
614
595
583
577
565
551
550
548
536
533
537
535
529
533
539
535
534
539
540
533
533
538
533
527
532
532
527
523
527
524
515
513
514
504
495
498
493
483
481
484
476
467
470
467
458
453
457
453
442
443
445
437
430
435
433
424
423
425
420
414
421
429
433
448
479
506
534
574
618
651
685
726
757
779
803
828
840
842
855
859
852
847
848
839
823
816
811
794
779
773
764
747
738
733
720
703
695
686
669
653
645
630
611
603
596
580
567
568
563
554
551
558
552
548
552
555
552
548
556
556
551
553
556
550
547
552
553
544
542
547
541
532
534
532
523
516
519
513
502
499
499
490
480
483
480
468
465
466
458
449
450
448
440
434
439
434
424
425
428
420
415
421
424
426
439
466
488
514
552
592
624
659
700
730
753
780
805
819
824
837
842
837
834
836
825
812
806
799
785
770
767
754
740
732
727
712
697
690
677
657
641
633
617
597
589
579
563
551
551
543
534
533
539
535
532
540
543
540
542
551
549
544
549
552
547
541
548
544
536
537
539
531
524
527
525
514
510
509
506
495
495
494
484
478
482
476
466
464
464
455
445
446
443
432
427
429
424
414
415
416
406
402
411
415
420
439
469
494
524
567
606
636
670
711
738
758
783
803
813
817
828
830
819
818
818
804
791
786
778
760
748
743
728
711
703
695
679
663
655
640
620
608
598
580
562
555
546
531
523
525
517
508
513
517
512
511
521
523
519
525
531
531
527
534
535
530
527
532
528
519
519
520
509
501
502
497
486
483
483
472
463
466
463
454
449
452
447
436
436
437
429
422
425
422
413
413
415
408
402
407
408
403
406
425
438
455
489
525
556
590
635
672
702
734
771
790
803
826
837
835
836
842
834
823
821
817
805
792
791
781
765
757
755
740
725
720
711
694
678
672
654
634
625
616
599
584
580
569
556
548
550
543
534
538
539
536
536
546
545
539
547
553
548
544
550
550
543
540
543
537
528
529
529
519
514
517
511
502
501
500
491
482
484
479
468
465
466
460
448
449
447
439
434
436
432
422
422
423
417
411
417
422
426
442
469
495
523
564
605
638
672
713
743
765
791
815
825
833
846
848
843
841
842
832
819
814
807
792
778
776
763
747
740
735
721
708
704
694
678
666
659
644
623
615
606
588
574
571
562
548
545
547
541
534
541
541
536
538
545
545
541
547
551
545
543
548
543
534
533
533
524
514
515
511
500
495
494
487
476
479
476
468
462
464
462
452
452
453
446
437
440
437
429
427
429
421
415
419
418
413
415
428
441
457
486
523
554
588
633
671
702
735
771
793
808
829
845
848
849
856
852
842
837
837
824
813
811
804
789
781
779
766
753
747
740
725
710
704
688
667
654
642
627
608
603
593
578
570
571
564
554
557
561
555
554
562
563
559
563
571
565
562
567
568
561
560
565
560
553
554
554
544
535
538
531
520
517
517
508
498
500
497
488
483
486
481
470
472
472
462
455
457
452
442
440
443
437
429
432
434
429
435
456
473
492
528
566
601
635
683
717
745
778
810
829
842
863
874
875
876
881
874
859
855
849
833
819
812
804
787
781
777
762
748
743
735
718
705
699
682
664
654
643
626
610
606
596
582
577
576
569
563
567
568
563
562
569
568
562
567
573
567
565
572
570
562
564
566
559
550
552
549
540
532
534
526
516
516
515
507
499
502
498
487
484
485
477
466
466
463
453
447
449
445
434
436
437
430
426
431
431
427
434
450
465
484
520
556
589
626
671
706
734
769
800
818
832
853
861
860
865
868
860
850
846
840
826
814
810
799
782
774
768
752
737
730
720
701
687
678
661
640
631
622
589
587
574
561
559
559
551
545
549
549
543
544
552
549
544
549
552
548
545
551
550
543
545
548
541
534
538
534
524
521
524
514
506
508
504
494
487
487
481
470
469
470
459
452
454
451
442
438
441
434
426
428
430
420
415
420
416
408
410
418
420
429
455
479
502
541
584
618
652
694
729
753
779
809
825
833
843
854
849
844
846
841
827
819
817
805
792
787
782
766
755
753
743
725
717
710
693
676
669
654
634
618
611
594
577
574
568
558
553
557
552
548
550
556
552
548
556
558
552
551
557
554
546
549
551
545
540
544
540
530
530
530
520
512
513
507
496
490
493
483
473
472
473
463
456
463
458
451
454
458
453
447
453
452
445
443
447
442
436
441
445
443
448
468
486
506
541
582
617
653
700
738
766
799
833
853
867
888
902
903
906
910
909
896
891
888
875
860
856
845
831
818
813
799
783
776
768
751
734
726
710
689
677
669
652
635
630
621
608
605
597
591
594
598
594
594
604
605
600
605
613
608
604
608
608
598
594
597
589
578
578
576
564
556
558
552
541
540
542
533
525
529
526
517
512
514
507
497
497
495
485
478
479
476
464
463
467
458
451
455
455
448
451
465
475
488
518
553
582
616
661
698
728
762
797
818
833
855
869
870
875
882
877
864
862
856
842
829
823
810
790
779
773
757
741
736
723
705
689
680
663
641
629
617
598
581
578
568
555
550
553
547
542
548
551
547
547
556
556
549
554
557
551
545
552
549
542
540
544
537
527
530
530
521
514
518
511
501
501
501
489
481
482
477
464
461
461
452
442
443
441
431
426
430
425
418
418
420
413
408
411
412
409
421
441
459
481
522
560
593
631
677
711
738
769
797
812
823
840
845
839
836
837
826
812
809
801
786
775
771
761
745
740
735
722
709
704
693
675
662
655
636
617
609
596
578
565
562
551
539
539
540
535
531
539
541
536
540
548
546
543
550
552
547
547
553
551
544
547
550
543
537
542
538
527
524
526
518
509
511
509
499
493
498
493
485
485
489
481
475
478
475
465
463
466
458
448
449
447
440
438
448
454
464
490
521
549
582
627
668
699
736
777
804
824
851
870
877
883
893
893
884
883
880
868
855
853
841
827
816
814
801
786
781
775
760
747
743
731
710
702
691
672
656
647
635
617
607
605
594
581
583
581
574
571
580
578
574
578
584
581
578
585
584
578
576
580
573
565
565
563
554
547
549
544
532
531
532
523
514
519
515
505
502
504
496
487
487
485
475
467
470
466
455
454
454
446
439
443
444
438
446
465
481
502
540
579
613
652
700
736
767
803
834
855
871
892
902
902
905
911
902
890
888
883
866
855
852
840
826
818
814
801
785
782
772
753
739
732
712
690
678
666
645
626
618
605
587
581
578
568
561
566
566
562
564
573
572
568
574
577
574
571
576
574
566
566
569
562
553
556
553
542
536
538
528
517
519
516
504
500
503
498
489
487
489
481
471
473
470
458
454
456
449
439
441
441
433
429
434
435
435
448
471
491
516
557
595
628
666
710
744
771
805
833
848
863
881
887
885
885
889
882
870
869
862
849
841
838
826
812
810
804
790
779
776
763
746
735
724
703
683
673
659
638
624
619
605
591
590
588
578
572
579
579
573
578
586
585
580
589
591
587
585
592
586
577
580
579
570
561
563
556
544
540
538
528
518
519
514
501
495
497
488
479
478
477
468
462
466
460
453
450
453
446
439
443
440
432
430
435
433
431
447
466
483
508
549
584
617
658
699
729
755
790
815
830
846
864
870
869
875
878
869
861
860
850
836
829
826
811
798
793
784
769
757
755
740
724
716
706
687
670
664
649
630
620
616
603
591
592
589
581
579
586
585
581
589
594
592
591
600
600
594
595
598
591
583
585
584
575
572
572
568
557
560
558
548
541
543
539
528
526
526
519
509
511
508
498
494
496
490
480
480
481
473
466
470
467
459
458
463
458
460
476
493
507
536
574
609
640
684
726
759
790
828
855
870
891
908
914
913
920
923
913
905
905
894
880
874
866
851
839
837
824
809
797
791
772
753
744
729
704
685
676
657
637
624
617
600
588
589
580
573
573
578
574
570
575
578
575
574
581
578
572
574
576
569
563
566
562
553
550
552
543
535
535
532
521
514
516
507
496
493
491
480
473
474
469
460
458
458
453
443
446
444
437
431
434
429
420
418
419
412
410
423
432
442
465
499
527
557
601
640
672
704
744
770
789
811
830
836
839
848
848
840
837
835
824
811
806
799
783
770
766
754
739
731
726
709
694
687
670
648
635
625
606
585
578
566
551
540
541
533
524
525
530
524
523
530
530
527
528
536
531
527
532
531
526
522
525
522
513
511
511
502
493
494
488
476
472
472
464
456
453
453
442
435
436
429
421
419
418
411
404
404
401
391
387
390
382
376
378
377
372
373
387
399
413
441
477
507
542
588
626
655
691
725
746
763
784
797
799
801
806
799
788
782
777
762
749
745
735
721
709
709
696
683
677
668
650
634
627
610
591
578
567
548
530
524
513
498
491
491
483
477
480
481
477
474
484
484
481
485
490
487
484
490
490
483
482
485
479
472
475
472
465
460
463
458
448
448
446
439
433
435
431
423
420
420
414
405
408
405
397
394
398
392
385
385
386
380
374
382
386
389
404
432
455
482
522
561
594
629
671
702
728
757
784
799
810
827
834
832
833
836
829
818
815
808
793
780
778
766
750
744
737
724
710
706
694
676
661
652
633
611
603
590
571
558
554
543
530
528
529
522
519
527
528
524
527
535
532
527
533
536
526
526
529
526
516
514
515
506
499
500
495
486
484
485
480
470
471
469
459
452
454
446
438
435
435
429
422
425
422
413
409
411
404
397
398
397
390
388
398
404
413
435
464
491
522
568
608
643
684
726
756
779
809
829
839
847
860
861
853
853
852
841
831
830
821
808
800
797
786
773
769
761
747
734
732
717
699
688
679
659
642
633
619
600
585
581
568
555
554
553
547
542
552
551
547
553
559
557
555
563
564
559
558
562
556
550
551
550
542
536
539
533
524
522
524
517
511
514
511
503
500
503
498
490
494
491
484
477
480
474
464
462
463
456
449
453
451
445
448
459
468
480
510
539
568
604
648
683
715
753
788
813
833
859
874
879
887
897
895
889
890
889
876
869
867
857
843
835
829
815
801
797
787
769
759
751
735
717
706
693
675
658
651
636
619
612
609
598
587
588
585
578
576
579
577
573
577
580
576
575
581
580
576
579
582
576
571
574
570
561
556
556
548
538
537
535
524
518
518
511
501
499
499
490
483
484
479
471
466
469
462
454
455
455
450
447
452
451
444
448
453
458
467
494
520
547
582
625
661
694
733
767
793
815
842
865
875
884
882
875
877
870
849
