632
628
632
633
632
631
636
636
634
637
639
638
637
640
639
637
636
638
635
631
631
630
626
623
625
624
619
622
625
622
621
625
626
620
622
626
624
621
625
627
624
623
629
627
625
628
629
624
621
622
622
619
621
631
635
641
654
670
681
696
715
731
743
759
777
789
797
811
819
821
824
830
828
825
824
824
817
812
812
807
798
794
793
787
780
780
778
772
770
771
766
762
761
762
756
752
750
745
737
733
731
722
715
713
709
703
699
701
697
694
696
697
695
693
697
696
693
695
696
693
688
691
691
686
682
683
680
674
674
673
667
664
664
663
657
658
659
656
653
657
658
656
655
657
655
650
650
650
646
643
643
640
634
632
632
626
622
623
623
620
619
622
621
618
621
623
619
618
622
622
620
622
626
626
625
629
630
628
627
631
627
624
625
623
620
615
616
614
610
610
610
609
606
610
611
609
610
614
614
611
614
616
613
612
615
614
611
612
613
611
609
610
614
612
611
616
615
616
622
629
637
643
660
674
687
705
725
740
754
774
789
798
807
818
820
818
820
820
815
810
811
805
796
792
792
784
775
773
771
766
763
765
764
762
762
765
761
755
757
754
749
745
744
739
731
729
723
715
710
707
704
697
698
701
698
698
704
704
705
707
713
713
712
717
721
718
718
720
717
712
711
711
705
699
699
697
690
688
688
683
676
674
671
666
662
664
661
656
659
660
656
652
654
651
647
646
646
643
639
638
640
637
636
640
640
636
639
643
642
638
642
641
637
634
634
631
625
627
627
623
621
624
623
618
621
623
620
618
619
619
615
614
617
612
610
612
614
612
611
617
617
614
617
618
615
612
614
612
610
609
611
609
606
609
610
606
604
607
606
604
609
612
616
628
639
646
659
677
691
702
721
735
745
754
769
776
779
785
791
790
788
791
790
785
783
781
778
771
771
768
760
756
755
750
744
741
740
737
731
732
730
724
721
721
715
707
706
702
692
686
684
679
670
670
669
664
659
663
662
659
660
664
665
664
666
671
667
666
669
666
663
662
662
660
655
656
653
649
645
645
643
637
636
636
632
629
632
629
624
624
625
621
617
620
620
616
615
618
616
612
614
614
608
606
606
606
601
605
603
601
603
603
599
597
601
600
596
599
599
595
591
596
594
593
594
598
596
594
599
600
599
599
605
604
601
604
607
607
604
608
608
603
604
600
593
596
595
590
587
590
587
580
580
579
577
573
577
577
576
582
592
599
604
619
633
644
660
679
693
702
718
731
739
744
753
758
755
756
758
754
749
750
749
741
735
735
729
723
721
721
714
709
709
706
697
695
694
688
683
681
680
673
669
670
665
658
657
660
657
653
659
661
660
662
668
667
665
671
675
673
673
679
678
673
674
675
670
666
669
669
665
665
667
665
659
660
660
656
653
654
654
648
650
651
648
646
648
650
645
647
652
651
649
653
656
652
652
654
655
650
653
654
651
649
654
653
651
649
653
650
647
650
652
650
649
652
652
647
650
654
653
652
658
662
658
659
666
665
661
663
664
659
657
660
658
654
656
658
656
654
655
656
651
651
654
652
648
649
652
648
650
659
664
670
681
696
707
717
735
749
758
771
786
795
799
808
815
815
814
817
815
810
808
806
800
794
792
787
778
773
772
768
762
761
761
757
753
755
751
743
740
736
728
719
718
713
705
703
703
697
692
693
695
693
693
700
701
701
704
709
708
707
711
713
710
711
714
715
712
715
717
714
710
714
713
707
708
710
706
702
703
702
695
691
690
685
678
678
676
671
667
669
668
663
664
668
665
662
666
668
666
666
670
668
665
667
669
667
663
667
666
663
661
664
662
659
664
666
664
666
670
672
668
671
673
670
668
671
671
666
668
670
667
664
666
665
659
656
656
650
645
643
644
640
640
650
656
660
670
686
696
708
727
743
754
769
785
796
800
812
819
821
819
824
824
818
815
813
805
796
794
792
783
780
778
775
767
766
763
757
751
751
749
741
738
738
732
722
722
716
707
697
691
680
666
656
649
639
635
640
644
644
650
662
668
668
672
673
668
666
670
671
669
677
684
685
686
691
688
679
671
664
654
641
637
631
624
621
626
627
627
633
639
642
641
647
650
647
647
652
652
649
652
650
645
639
640
634
627
623
625
620
615
618
619
617
618
623
622
621
626
631
631
634
640
640
638
642
643
642
638
641
639
635
633
634
633
629
633
633
628
626
627
623
616
617
620
621
624
637
649
660
674
693
708
723
742
759
770
782
796
802
806
811
815
814
809
813
814
810
809
812
810
805
805
806
799
796
797
795
790
789
790
787
783
783
782
774
772
773
768
761
758
755
746
738
735
730
720
717
715
708
702
703
701
695
694
695
692
687
689
692
689
689
694
693
689
689
689
686
682
685
684
679
676
679
676
672
672
674
670
667
671
670
664
665
666
662
656
657
654
647
645
645
643
638
639
644
639
637
641
641
638
639
642
641
636
640
640
636
635
637
636
631
633
633
630
628
632
630
626
627
630
630
627
631
633
628
627
631
628
625
625
627
624
620
624
623
618
620
624
622
623
629
638
642
652
668
681
693
711
728
742
754
773
787
796
808
820
825
826
834
834
832
831
833
827
821
821
821
813
807
807
805
798
797
801
799
796
801
801
800
799
804
804
800
803
802
800
794
795
789
781
773
769
761
750
748
742
733
729
730
725
719
719
717
713
708
712
710
706
705
707
702
700
700
700
695
692
697
694
690
688
689
686
681
683
682
678
676
679
677
674
675
676
670
666
670
665
660
660
661
654
650
652
650
645
645
650
647
645
649
650
648
646
651
649
644
647
648
644
640
643
641
636
637
637
634
629
630
630
625
624
627
627
623
624
626
622
620
625
625
621
620
622
620
614
616
617
614
611
615
615
612
616
622
623
626
637
645
653
666
684
699
711
731
750
762
774
792
801
808
817
825
826
824
826
825
819
816
817
810
802
802
802
796
792
796
795
789
790
793
793
790
795
796
792
791
794
789
783
783
780
772
765
762
755
745
739
736
726
718
716
712
706
702
704
701
697
698
699
695
692
695
694
690
692
695
693
688
689
690
685
682
684
683
677
679
681
677
674
677
674
670
671
672
668
661
663
660
654
651
650
645
638
638
638
633
629
632
632
627
629
633
633
630
636
638
635
637
640
638
634
635
636
629
626
628
626
621
622
624
621
617
620
620
615
613
617
615
611
613
613
609
607
610
609
605
605
607
605
601
604
604
599
597
601
599
597
599
600
597
598
604
605
606
614
625
632
642
658
673
687
703
722
737
747
762
775
781
785
794
798
795
795
798
792
786
787
785
778
774
775
774
769
770
772
769
767
772
774
771
773
774
774
769
770
770
763
756
755
748
739
735
731
721
710
709
703
694
689
690
683
679
680
678
674
672
675
674
670
672
676
674
672
677
677
674
673
676
673
670
672
673
670
667
669
666
661
658
657
650
645
644
641
634
632
634
631
626
625
625
621
617
618
616
613
612
614
611
607
610
608
604
603
605
603
601
604
606
603
603
607
608
603
606
609
608
607
612
613
610
610
615
612
610
613
615
610
609
609
606
600
600
597
593
597
598
594
594
597
597
594
595
596
592
591
596
597
594
596
599
598
601
601
600
601
606
608
612
623
633
642
653
673
688
702
718
737
749
760
774
782
785
788
794
792
788
787
785
779
774
774
771
764
761
763
760
757
760
761
756
754
757
757
752
753
753
748
743
744
739
731
725
723
714
705
703
696
688
684
682
677
670
669
671
666
665
670
669
667
670
674
672
671
673
675
671
670
674
673
668
669
669
663
660
661
657
652
651
653
650
644
645
644
638
636
638
635
631
631
631
627
623
628
627
622
622
624
621
617
619
619
614
613
616
614
610
612
613
609
610
613
612
610
610
614
611
607
610
611
607
606
610
608
603
601
596
599
598
595
595
601
601
597
600
598
599
599
595
597
600
598
597
601
601
601
601
605
600
604
606
603
605
612
617
622
634
649
659
672
691
708
720
734
753
764
771
784
793
795
798
802
800
796
793
792
783
776
775
771
762
758
756
750
743
744
741
735
731
734
730
725
724
723
717
712
711
707
699
697
698
694
690
691
692
687
686
689
686
683
686
688
686
685
688
689
687
689
694
694
691
695
697
695
695
697
695
690
688
689
682
677
676
675
667
664
665
661
655
654
654
649
647
651
648
645
644
646
642
637
639
639
635
635
638
635
632
634
636
631
628
631
630
625
627
629
624
621
624
623
618
617
620
618
615
618
623
620
620
624
623
620
620
621
619
616
618
618
612
611
615
610
607
608
609
606
605
610
610
606
606
610
607
604
609
609
606
605
608
606
603
605
609
608
611
622
631
638
653
671
685
701
722
740
753
770
789
798
803
815
820
819
819
821
818
812
810
808
801
795
794
790
784
778
779
775
770
770
770
766
763
766
765
761
761
760
757
753
751
747
739
733
732
725
716
713
710
703
698
699
697
694
692
695
693
689
691
692
688
686
688
687
682
682
683
679
677
678
677
672
671
672
669
665
666
666
660
659
661
660
654
656
658
654
652
654
652
649
648
648
644
639
639
637
632
628
629
626
621
621
623
621
618
623
623
620
620
623
623
619
623
625
622
622
626
625
623
625
627
625
623
627
627
623
623
624
622
617
620
621
616
615
618
617
614
616
616
614
608
612
611
608
606
610
608
604
606
607
603
601
605
603
599
600
603
603
612
619
625
636
652
668
680
700
720
734
748
769
782
791
803
813
819
820
828
829
827
826
826
822
815
812
809
800
794
793
787
781
780
779
773
769
770
769
766
765
767
765
761
762
761
756
752
753
747
739
736
732
724
715
712
706
698
694
694
690
684
686
685
682
678
681
681
678
680
684
684
682
686
687
684
683
688
684
680
682
681
677
673
675
673
669
669
669
664
660
661
659
655
652
653
651
644
645
647
642
640
644
643
639
641
641
639
635
639
638
631
629
632
629
624
625
625
621
620
623
621
619
621
625
624
621
626
626
622
619
620
618
612
613
612
608
604
608
607
601
603
606
605
604
608
608
606
605
609
606
603
604
607
605
604
601
605
598
603
607
606
611
622
633
643
659
674
688
702
723
739
753
769
787
795
802
812
817
816
816
820
816
810
808
805
797
789
788
781
772
771
769
762
758
757
756
751
747
748
744
739
739
740
735
730
731
727
720
716
715
713
705
707
703
699
694
697
693
689
690
690
688
685
689
688
684
685
688
684
681
682
682
677
674
678
675
671
672
674
670
667
670
667
660
657
657
653
646
646
643
637
632
633
629
624
625
627
623
620
624
624
621
620
622
620
618
622
623
620
619
624
624
620
624
628
626
625
631
631
629
628
632
629
625
627
628
625
622
627
623
619
620
621
618
614
617
616
613
613
614
612
609
612
611
608
605
609
608
603
603
606
600
605
605
603
601
605
603
599
601
601
599
598
605
609
612
623
637
648
660
680
697
711
728
746
758
770
783
795
796
802
811
812
808
810
811
808
802
802
798
790
785
783
774
765
761
759
750
744
743
739
731
727
727
722
717
718
716
710
707
705
701
693
691
689
680
674
674
672
666
667
671
668
666
670
672
668
668
672
671
667
669
669
664
660
663
661
655
653
654
649
644
646
645
640
638
639
637
632
634
636
631
628
629
627
620
618
617
612
605
606
604
597
594
595
593
589
590
592
588
587
591
590
587
587
590
587
583
585
583
579
574
577
573
568
566
566
561
556
560
560
556
558
562
560
558
562
564
558
559
561
559
556
558
560
557
555
559
559
556
555
556
554
550
552
553
547
549
552
550
543
544
545
542
542
547
553
555
564
579
589
600
618
636
650
666
685
699
709
722
735
738
742
748
750
749
745
748
743
735
734
729
722
716
714
709
700
697
694
685
678
676
670
663
660
659
655
649
651
650
644
641
641
637
631
631
635
630
627
631
632
628
628
631
629
626
630
632
632
633
638
638
636
638
641
636
635
638
636
633
632
634
630
625
627
627
620
617
620
617
611
613
615
611
607
610
609
603
603
606
604
604
605
601
598
601
599
594
596
599
596
593
597
596
593
592
596
595
593
597
599
597
596
603
599
599
601
600
598
603
606
603
603
607
606
607
605
603
606
606
603
604
608
604
601
604
606
600
601
605
603
599
601
604
603
610
617
621
633
650
664
677
695
711
722
734
750
760
765
775
782
784
783
788
787
784
783
784
777
770
771
768
761
756
756
752
741
740
737
731
726
725
720
714
710
709
701
694
694
690
684
681
683
680
675
676
678
675
673
677
678
678
680
684
683
682
686
690
687
684
694
693
692
695
699
696
695
700
700
696
696
696
693
687
686
685
677
673
673
668
663
662
661
655
650
651
649
643
641
642
639
636
640
642
639
639
645
646
644
647
652
649
648
653
653
646
649
649
646
642
642
642
638
638
641
641
638
639
641
639
637
640
641
638
639
643
639
637
640
644
639
638
642
641
637
638
639
636
632
635
635
633
638
649
658
667
685
700
713
727
746
761
772
786
798
804
809
817
819
817
815
817
813
805
803
800
791
784
782
776
767
764
762
756
747
748
745
737
735
735
730
722
720
718
711
705
704
699
693
691
691
685
680
683
682
680
680
687
689
690
695
700
699
699
705
703
700
700
702
700
696
699
697
694
691
694
688
684
685
683
680
676
678
675
669
668
668
663
659
660
660
657
655
659
655
651
653
653
648
644
648
648
643
646
648
646
644
647
649
648
647
652
652
649
652
654
649
647
650
650
645
648
652
650
649
651
654
650
648
652
649
645
648
649
646
643
645
643
637
636
638
636
632
639
645
650
659
675
688
698
716
734
746
761
780
792
800
810
821
824
827
831
833
830
828
828
825
816
815
812
804
799
800
795
790
788
789
785
779
778
776
771
768
770
768
761
760
761
753
748
747
742
733
726
727
720
714
713
711
705
702
705
703
700
704
707
707
706
711
712
710
710
712
709
706
706
706
701
696
697
694
685
683
683
678
672
675
673
669
669
670
668
663
664
663
659
657
658
654
648
649
650
647
642
644
647
642
643
647
645
643
646
648
645
643
648
649
646
650
653
653
651
655
655
653
652
658
656
654
657
658
654
653
655
654
649
650
652
650
646
648
647
643
643
645
646
647
657
669
677
687
707
722
735
752
770
784
794
810
821
827
834
841
842
841
844
845
839
834
835
831
825
821
820
815
809
809
806
801
799
801
799
793
797
799
793
794
797
796
792
788
791
786
779
777
774
765
759
757
752
745
743
742
735
731
732
728
723
723
725
723
720
724
726
722
722
726
724
722
725
726
724
721
724
722
718
717
718
713
708
708
707
702
701
701
699
695
695
693
688
686
685
683
679
676
677
674
670
675
676
672
672
677
676
674
677
678
676
673
675
673
668
665
669
665
661
663
664
659
657
660
657
655
656
660
659
657
661
661
661
661
662
664
662
665
667
664
663
669
669
670
675
683
688
695
708
721
731
746
766
778
790
807
821
828
836
847
851
851
855
856
853
847
848
844
837
834
834
830
825
825
825
818
816
819
818
814
811
816
812
810
812
811
805
803
804
799
792
790
786
779
772
769
762
750
746
743
735
728
728
726
722
720
724
723
720
723
725
721
722
726
726
725
727
730
725
724
725
724
720
719
722
718
716
717
717
713
708
710
707
702
702
701
695
689
689
687
680
678
679
676
673
673
674
670
669
670
671
668
668
672
670
669
672
675
671
672
675
674
669
672
676
672
671
675
674
670
672
674
673
670
672
672
669
665
667
664
659
660
660
656
654
656
655
651
652
654
651
649
654
659
662
669
684
694
706
725
743
757
773
794
809
820
833
846
853
856
862
865
862
859
860
856
848
846
845
837
831
832
828
822
821
821
817
814
816
815
813
811
812
810
805
806
804
800
793
792
787
778
774
770
764
754
752
749
742
737
738
735
730
731
732
729
727
729
730
729
727
731
726
725
728
731
726
724
726
725
721
720
723
715
710
711
706
701
697
698
695
690
691
691
686
683
686
681
676
677
680
675
672
675
676
672
670
673
672
666
670
671
668
664
670
669
665
666
664
663
660
664
664
660
660
663
661
656
659
661
657
656
660
660
656
658
662
658
656
659
659
655
655
658
656
652
656
656
652
650
654
653
651
654
660
662
666
676
685
694
704
721
737
747
765
784
797
809
824
833
838
845
853
853
851
854
853
849
845
845
840
835
833
831
827
821
825
820
813
810
810
804
798
798
796
788
786
787
782
774
773
770
763
758
755
753
745
745
744
739
734
736
737
733
732
735
734
730
733
736
733
731
734
731
728
728
731
727
723
724
724
716
713
713
709
701
700
699
694
690
691
688
685
683
686
682
678
681
682
679
677
683
680
676
675
676
674
672
676
675
671
671
674
670
666
669
668
664
662
667
664
659
663
663
659
657
658
656
653
653
656
654
650
652
653
648
648
650
647
644
645
647
644
640
643
643
637
636
639
637
634
638
640
638
638
642
641
637
639
646
646
648
660
669
677
690
707
719
731
751
768
779
791
807
815
818
825
829
828
825
827
824
819
814
815
809
800
798
797
789
785
785
783
778
777
778
774
767
769
767
760
756
757
751
745
743
742
735
729
729
724
716
716
716
712
709
712
712
707
707
711
710
706
708
711
706
705
710
707
702
703
703
699
695
697
696
692
688
691
688
682
682
681
675
671
673
671
663
663
664
659
656
658
656
653
652
655
654
650
652
653
647
644
647
646
642
641
643
640
639
643
642
640
639
644
642
638
640
642
639
636
639
637
633
632
635
632
626
631
632
627
626
629
626
622
623
626
622
620
624
623
619
619
623
620
617
620
621
618
618
623
622
617
620
622
621
622
632
639
645
657
675
684
697
716
734
745
761
778
790
797
807
815
816
816
819
817
810
808
806
799
792
791
786
779
772
772
767
760
759
760
754
751
754
750
743
739
738
730
721
721
717
707
702
702
696
688
687
687
681
678
683
685
683
683
690
689
686
690
692
688
688
688
685
682
682
682
679
675
678
677
671
671
674
670
665
665
664
658
652
655
650
644
645
645
640
638
641
639
635
634
637
636
634
637
637
635
633
637
633
630
630
632
630
626
632
631
628
626
630
627
623
626
627
623
623
626
624
621
621
622
619
615
620
620
618
619
622
621
617
621
621
617
615
619
619
614
614
616
613
608
612
611
606
607
610
608
607
609
611
607
607
613
618
620
630
644
655
667
685
701
713
729
748
760
770
784
793
798
801
807
808
803
803
805
798
792
792
788
780
774
772
764
757
754
753
745
741
743
740
734
732
731
726
720
719
717
710
705
707
702
696
696
696
690
688
691
689
684
686
690
687
683
685
685
681
682
684
686
681
686
689
686
684
687
686
681
681
684
679
674
677
677
671
668
670
665
660
659
659
653
649
650
647
643
640
643
639
633
637
637
633
632
636
635
632
635
635
634
632
637
638
635
637
640
637
633
635
637
633
632
636
633
630
634
637
634
634
637
638
633
634
637
637
633
638
638
634
632
634
632
627
628
630
627
625
627
626
621
621
622
620
617
619
621
616
615
621
620
620
626
637
644
652
669
685
697
714
733
747
760
778
792
798
805
816
819
817
819
819
813
804
803
798
788
781
780
771
763
760
757
749
743
742
737
731
729
728
721
714
714
711
703
700
701
696
690
689
690
684
681
685
683
679
680
683
680
677
681
682
680
678
682
680
677
679
681
677
677
681
678
675
674
673
670
664
665
663
657
651
653
647
641
642
641
636
632
633
630
625
624
625
621
615
617
616
612
609
612
610
607
608
611
609
607
611
609
606
607
609
610
608
611
611
607
606
610
607
604
606
606
601
599
603
597
598
601
599
597
599
601
596
597
601
598
596
599
599
597
595
600
599
596
598
599
594
598
598
593
591
594
593
589
595
601
605
612
627
639
650
665
683
696
707
724
736
744
753
765
768
768
773
778
771
769
770
765
759
756
755
749
741
741
738
730
725
722
716
707
704
699
690
682
679
673
664
659
658
653
648
649
650
645
645
649
650
649
652
659
659
660
668
671
670
672
677
677
674
679
680
677
675
679
678
674
675
676
672
668
670
668
663
660
663
662
657
658
658
654
652
654
653
648
648
648
645
640
642
640
634
631
634
632
630
632
634
632
632
637
637
634
636
640
639
638
643
644
640
639
644
640
637
638
639
637
635
641
642
638
642
646
643
639
644
644
640
640
644
642
637
643
643
640
637
641
638
634
635
637
634
631
638
642
647
655
671
680
690
709
726
739
751
770
780
789
800
809
812
814
819
820
814
810
810
804
795
791
786
777
770
769
763
753
749
747
739
732
732
730
722
719
719
714
707
703
703
695
690
692
690
685
687
690
688
684
690
692
688
689
696
697
696
701
707
706
706
713
712
710
711
714
711
705
706
704
698
696
696
692
685
686
687
680
676
679
675
668
666
669
663
659
663
664
659
658
663
661
657
661
663
660
658
660
659
654
654
656
652
648
650
650
647
648
651
650
648
650
653
651
649
654
655
652
653
657
656
654
657
659
655
655
657
656
652
654
657
655
650
652
649
643
642
643
641
640
647
654
659
670
686
699
712
732
752
766
781
800
812
822
832
842
846
845
851
851
847
843
845
839
831
829
827
817
810
809
806
797
795
794
788
781
779
775
767
761
760
755
748
747
745
739
734
734
732
726
723
725
722
716
721
722
718
716
718
719
714
716
719
718
716
721
722
719
719
723
721
717
719
720
714
711
713
708
701
701
698
693
688
690
688
683
683
685
681
676
678
677
673
670
673
670
666
664
666
660
654
656
655
651
651
655
651
648
652
652
648
648
649
648
645
646
650
650
647
652
652
650
650
655
654
650
654
654
650
648
651
647
642
643
647
644
641
644
645
640
640
642
640
638
645
654
659
669
685
701
712
731
751
765
780
800
815
824
834
847
851
851
854
857
853
850
851
847
841
836
836
829
824
822
819
812
809
810
807
803
804
804
802
798
801
799
792
790
791
783
776
776
770
760
755
753
747
738
739
737
732
730
731
731
726
728
730
727
727
730
734
729
729
733
731
726
728
731
727
724
726
726
719
720
722
719
714
717
715
710
708
710
705
700
700
701
697
694
697
695
691
690
691
687
684
687
687
683
682
686
684
682
681
684
680
679
682
681
676
674
677
674
668
670
670
666
664
667
667
664
665
669
667
664
668
668
666
665
670
667
665
667
669
666
663
666
665
663
665
669
670
675
686
697
706
721
739
754
769
788
806
820
833
852
863
868
876
882
881
878
880
878
870
867
866
859
854
853
852
846
841
842
841
835
835
837
832
829
832
829
826
825
827
826
819
819
818
810
804
803
798
788
784
781
774
765
764
763
755
752
752
749
744
745
748
744
743
745
744
740
742
743
741
737
739
740
735
733
737
733
729
730
728
723
718
719
714
709
707
707
704
699
701
701
696
695
698
695
692
693
696
692
691
694
693
689
689
693
690
686
690
689
684
682
685
682
677
678
679
673
670
671
669
663
663
664
660
656
659
661
660
658
664
665
661
666
667
664
663
665
666
663
663
667
662
659
661
662
658
658
664
666
667
676
687
695
705
724
739
752
770
792
807
820
839
853
860
866
876
879
879
881
882
879
874
875
871
862
852
844
843
842
836
832
834
832
827
827
830
828
826
830
830
826
824
824
818
809
807
804
794
785
783
776
768
765
763
757
752
753
752
747
747
751
749
744
748
750
748
748
752
751
747
750
751
748
743
746
743
737
732
732
727
722
721
719
712
708
709
706
700
699
699
695
692
695
695
690
691
694
692
690
691
696
691
691
693
693
689
689
691
686
680
682
681
676
674
677
675
670
672
673
668
668
671
670
666
666
669
665
662
666
666
665
665
672
671
668
671
674
670
667
671
670
665
667
669
666
661
663
662
658
656
659
657
652
655
656
655
656
663
671
677
690
708
722
736
758
779
793
810
828
840
848
857
866
867
869
872
871
866
863
863
851
849
846
838
835
835
830
824
825
825
821
817
819
817
811
811
812
807
800
799
796
789
782
779
775
766
764
761
754
748
747
743
738
734
739
734
733
734
735
731
729
731
731
727
729
730
727
726
729
727
724
724
726
724
719
722
723
717
713
715
710
704
705
703
698
694
695
692
687
683
685
680
675
676
676
671
670
672
671
667
668
671
668
665
669
670
668
667
672
670
666
668
668
664
662
664
664
659
661
664
660
657
661
661
656
655
659
656
651
652
654
649
646
650
646
641
642
647
644
644
648
651
646
647
649
647
643
646
647
644
643
646
645
640
640
643
640
638
642
647
649
657
673
684
695
715
732
748
765
786
801
812
825
839
844
848
854
856
853
851
853
849
841
840
837
830
824
825
821
813
813
814
809
805
807
806
798
794
795
791
781
777
775
765
759
756
751
741
737
736
729
723
724
721
717
715
719
716
713
715
718
715
714
719
720
718
719
723
722
720
724
723
721
720
722
718
713
712
709
703
696
695
691
683
682
680
677
671
672
672
667
664
665
663
657
658
659
656
653
655
653
649
649
652
651
647
649
652
648
646
651
646
644
646
647
644
644
645
645
641
641
645
643
639
643
644
641
641
643
641
637
636
638
634
629
633
632
629
629
634
631
627
630
632
629
628
632
632
627
631
634
630
626
629
629
627
627
628
628
625
625
626
621
621
626
630
633
644
660
671
685
706
724
737
755
776
791
802
816
827
831
834
840
840
833
832
830
824
815
814
809
801
796
796
791
783
782
782
776
773
774
772
765
765
766
760
752
753
747
742
738
735
730
722
720
718
710
704
706
702
696
696
698
696
694
698
698
692
693
695
694
689
691
691
687
684
685
682
675
674
675
669
665
667
667
662
660
663
657
655
655
655
650
648
650
648
643
642
642
638
633
636
635
630
629
632
630
626
628
630
626
625
626
627
623
624
628
623
620
623
624
619
618
621
618
615
616
619
615
614
616
616
612
612
616
614
611
613
615
610
608
613
609
605
605
607
600
600
594
596
596
593
590
592
590
588
587
589
588
582
584
583
578
576
579
579
577
582
590
595
605
619
634
648
662
683
696
706
725
739
748
753
765
769
771
773
778
775
769
767
765
756
748
745
737
729
724
720
712
704
702
697
688
685
684
678
670
669
668
660
658
657
654
648
650
651
648
647
648
651
649
649
653
649
650
652
657
656
656
663
663
661
663
665
663
660
665
665
662
661
662
658
653
653
651
645
643
644
641
635
635
636
631
626
628
627
622
623
626
624
621
624
626
621
619
624
623
618
620
622
619
616
619
617
611
610
614
614
611
613
614
612
610
613
613
610
610
613
609
608
613
616
614
615
621
620
617
621
622
620
618
622
621
617
617
620
616
612
615
613
611
610
612
610
604
609
609
605
603
609
609
613
624
636
647
659
679
695
707
723
743
755
765
779
790
793
796
803
803
800
797
798
791
784
784
779
772
767
767
759
752
749
749
741
737
735
730
723
719
716
709
701
700
696
689
684
687
683
679
679
682
678
678
682
683
683
686
690
691
691
694
697
694
694
699
698
693
696
698
694
691
694
693
688
687
688
685
679
682
681
676
672
674
672
666
666
667
662
659
661
660
653
655
659
656
654
656
658
653
651
654
652
647
649
649
648
646
649
648
644
643
647
643
639
643
646
644
645
651
650
649
653
655
653
652
656
655
653
651
653
649
643
645
646
642
640
643
642
637
639
639
636
630
633
633
630
634
643
651
657
675
691
702
714
736
750
760
775
790
799
807
817
822
822
825
829
827
823
822
820
813
807
805
800
791
787
781
774
767
766
763
755
752
751
745
739
737
735
728
722
723
718
711
708
707
701
698
700
697
695
694
699
698
694
700
703
701
700
706
706
703
708
710
709
707
710
709
705
705
708
705
700
701
703
696
692
694
689
682
681
681
676
670
673
671
665
665
667
665
660
663
663
660
658
662
661
657
658
660
658
656
659
660
657
657
661
659
656
658
662
656
655
658
657
656
655
658
655
654
657
658
654
655
658
658
653
658
660
656
653
657
658
654
654
655
652
648
653
655
653
658
669
677
684
700
719
733
747
769
786
798
814
830
838
844
854
860
862
861
853
851
848
843
837
837
832
825
822
822
818
812
812
811
807
804
806
804
797
798
796
790
784
785
781
773
769
767
761
753
751
748
741
736
738
734
728
729
731
726
723
727
727
720
722
724
723
719
721
722
720
719
721
719
716
715
715
710
706
706
704
697
696
696
692
686
687
687
682
678
681
680
677
678
681
679
676
680
680
676
673
676
674
669
671
671
667
664
666
666
663
664
667
663
660
663
663
657
656
658
656
654
656
656
654
653
654
652
650
653
655
652
650
655
655
652
651
654
650
647
648
650
647
648
655
660
663
675
690
701
715
735
754
768
784
808
821
832
845
857
859
862
870
869
865
864
864
859
850
849
846
837
834
836
832
828
828
828
826
823
825
825
821
823
822
819
815
818
815
808
804
803
796
787
783
779
768
762
760
754
744
743
742
736
731
734
734
731
730
735
733
731
734
737
734
734
737
737
731
730
732
727
721
723
720
715
715
715
714
707
707
706
703
700
702
701
695
695
698
692
688
688
688
682
681
684
681
676
680
679
676
673
676
676
672
672
676
672
670
671
671
668
664
666
665
660
661
663
661
659
663
663
659
659
662
658
655
658
658
654
653
656
655
651
653
656
655
651
657
655
653
652
659
660
662
669
680
686
699
715
731
745
765
784
797
814
832
844
854
860
871
874
871
875
874
869
865
866
861
855
856
855
850
844
848
845
839
840
840
839
836
840
840
836
833
836
831
824
822
820
814
806
805
800
788
782
780
770
761
758
755
747
744
744
742
738
738
741
738
736
739
740
736
738
745
742
738
742
743
739
734
737
734
729
729
728
724
719
721
720
716
713
712
711
706
705
703
698
695
695
692
687
688
690
686
684
686
685
681
680
685
681
679
682
683
678
677
679
677
674
675
678
674
672
674
675
670
669
670
667
662
663
663
659
655
660
657
655
656
660
657
654
659
660
655
655
657
654
650
651
652
648
646
651
649
646
650
654
651
651
656
659
660
667
679
689
699
718
734
750
767
788
805
818
834
850
866
876
882
880
880
883
877
872
870
866
859
853
852
849
840
839
839
833
831
833
833
829
831
833
832
828
829
829
824
820
819
814
807
801
799
788
778
775
768
758
750
750
745
739
739
739
734
735
737
736
735
736
741
741
738
742
743
739
739
743
740
733
734
733
727
720
722
719
710
708
704
699
692
692
691
687
685
688
686
684
686
687
686
684
686
685
681
680
681
677
672
675
673
667
665
668
666
662
664
665
663
660
663
663
659
659
663
662
660
662
664
660
660
664
661
657
658
660
655
653
654
652
645
643
646
641
636
639
640
637
637
639
639
635
636
638
637
635
639
639
638
638
642
639
640
646
652
657
665
679
692
704
722
741
756
773
794
811
822
837
852
866
867
862
859
861
856
849
847
845
838
830
829
824
817
814
813
810
804
805
805
800
796
799
795
790
789
788
781
775
774
769
762
756
755
749
739
736
735
727
723
722
720
715
713
714
711
708
712
712
709
709
715
713
710
713
714
711
710
714
710
707
707
705
700
693
692
688
680
676
675
671
664
664
662
657
653
656
653
649
649
651
650
649
652
651
648
648
650
648
644
646
646
642
639
642
640
634
636
636
635
632
636
637
635
634
637
636
631
635
635
630
627
630
628
623
623
624
620
618
621
621
618
619
623
623
621
625
627
622
620
622
620
616
616
618
616
614
617
618
614
614
618
618
617
622
627
629
636
648
660
670
685
704
719
733
755
772
784
798
812
818
821
828
832
828
826
827
822
814
807
806
795
786
783
777
769
767
765
762
757
758
759
755
751
755
752
746
744
743
736
730
725
719
710
703
700
695
690
691
691
686
684
687
687
683
685
688
687
685
689
691
690
690
694
691
687
686
685
680
676
677
675
668
668
669
663
657
658
656
649
644
645
638
630
628
627
620
615
617
615
610
610
610
607
604
603
598
595
595
594
589
590
592
589
588
592
591
590
591
595
592
588
590
590
587
584
586
584
580
582
583
580
578
582
582
577
576
580
578
574
576
578
574
574
579
576
572
574
576
575
574
578
577
574
575
578
577
575
579
581
579
580
583
581
577
577
582
581
583
595
605
615
630
650
665
680
702
719
733
745
762
772
775
782
786
782
776
776
771
763
759
757
751
743
739
736
728
722
721
717
711
710
710
703
696
696
692
684
681
680
674
667
665
664
657
652
653
650
644
643
644
639
634
638
638
633
632
636
635
631
633
635
632
629
634
631
627
628
628
625
621
622
620
614
612
613
609
601
600
595
592
595
591
585
586
587
585
582
584
582
578
576
578
575
572
574
574
570
568
571
570
566
567
567
564
561
563
565
559
561
563
562
557
561
562
559
558
562
561
557
557
559
557
555
559
563
559
560
566
565
562
564
564
560
558
559
557
552
552
555
551
547
550
550
547
547
551
549
544
548
548
546
546
550
555
559
570
586
595
609
628
645
657
670
689
700
708
721
730
733
735
741
740
734
733
731
723
716
712
707
699
693
689
683
674
671
669
660
654
655
652
644
642
640
634
628
629
627
623
619
622
619
616
618
621
618
616
623
622
623
625
631
630
631
635
637
634
635
640
638
633
636
637
634
629
631
628
623
623
624
621
618
621
620
616
615
618
616
612
612
612
608
604
605
596
595
595
590
587
589
589
586
585
589
587
584
585
589
588
586
591
591
589
592
596
593
592
597
598
596
597
601
599
603
601
598
601
600
597
597
601
598
596
598
599
595
595
596
594
590
592
595
592
588
592
590
586
585
586
585
585
592
600
607
617
635
650
661
679
698
712
726
744
757
764
773
784
785
785
788
787
781
776
775
770
760
755
752
744
738
736
733
726
720
720
714
705
703
699
690
684
682
675
668
665
664
658
654
654
655
650
651
655
655
653
658
663
662
661
668
668
666
668
673
671
670
673
675
671
671
672
670
667
668
668
663
661
663
660
655
656
656
651
647
649
648
643
642
642
640
636
638
638
634
631
636
634
632
632
635
631
629
632
630
627
627
630
628
625
626
628
625
623
627
627
624
625
630
628
627
631
632
631
632
635
633
631
634
636
633
631
634
632
628
626
629
626
623
627
626
621
620
620
618
614
617
620
623
629
643
655
667
685
704
721
738
758
775
788
801
815
822
824
827
828
825
823
822
818
812
810
808
803
797
795
792
786
781
782
775
769
768
767
759
755
756
752
745
744
744
739
734
733
729
722
717
715
710
703
702
700
695
692
695
692
691
691
694
695
693
696
699
698
698
703
698
697
698
698
694
689
690
689
684
683
684
679
675
674
675
668
666
670
667
663
662
664
661
657
660
657
653
652
654
649
644
645
644
638
635
639
635
629
631
633
631
627
633
633
629
631
633
631
628
631
633
633
633
638
638
636
640
641
640
640
644
644
642
642
644
640
637
639
637
634
633
636
635
631
631
633
629
629
634
637
642
652
665
677
690
709
726
740
759
780
795
805
821
834
839
842
847
847
843
842
842
836
828
826
822
815
809
807
802
797
798
798
795
794
797
795
790
789
792
788
784
785
784
777
774
773
767
756
751
747
739
732
730
726
719
716
715
709
706
705
704
700
698
700
699
696
698
700
697
696
699
699
695
696
698
696
693
693
692
687
682
682
679
671
671
670
665
660
660
659
652
650
653
648
645
646
647
642
641
645
641
637
638
637
635
632
636
636
631
632
634
631
627
630
629
625
624
627
624
621
623
625
622
620
623
625
622
623
628
625
623
627
628
625
624
626
624
623
623
626
625
623
627
627
625
624
629
627
623
632
638
643
653
669
680
694
716
737
753
770
790
806
816
825
836
839
838
842
841
835
832
831
827
820
818
818
813
808
808
808
802
801
803
799
795
795
796
792
789
790
789
783
782
783
775
771
769
764
756
749
745
738
731
728
723
715
711
710
707
702
701
703
700
698
704
704
702
702
706
704
699
703
703
700
696
699
698
692
692
693
688
685
685
683
678
677
678
673
668
668
668
663
661
662
660
655
657
659
655
652
655
656
654
656
660
657
655
657
658
655
652
655
655
649
650
651
647
644
645
644
638
637
640
636
632
635
636
632
631
634
630
630
631
634
632
629
634
634
631
630
632
630
628
633
634
631
630
633
632
629
628
632
630
629
638
646
650
662
677
691
703
723
743
758
773
793
808
816
829
840
843
842
847
845
842
838
836
831
824
821
816
809
805
806
803
798
799
802
801
798
801
801
796
794
796
794
787
786
782
774
766
764
758
747
743
739
733
725
724
720
715
712
712
710
705
706
709
706
705
710
710
705
707
709
708
704
707
707
704
701
704
701
696
696
695
689
685
685
682
678
677
677
674
670
672
670
666
663
663
660
654
655
654
649
648
648
647
644
644
647
645
643
646
646
645
645
648
645
645
647
648
646
646
648
648
645
644
646
642
639
640
638
634
633
632
630
625
626
627
623
621
625
623
620
619
622
618
615
618
619
614
615
618
617
613
618
619
617
614
618
616
615
615
620
622
626
637
648
659
673
694
710
724
747
766
780
794
810
820
824
830
836
834
830
830
828
821
816
816
811
804
804
804
799
795
797
795
790
789
790
788
784
785
783
779
775
777
771
763
762
759
750
743
740
735
727
723
721
714
709
711
708
705
704
706
706
704
706
709
707
705
709
708
705
705
707
703
700
699
698
694
690
690
685
679
678
676
672
669
670
667
662
664
667
664
661
663
664
661
660
662
659
655
656
655
650
648
651
650
646
648
649
647
644
646
647
642
640
644
641
638
638
639
637
633
634
633
628
627
628
625
621
624
624
620
619
623
624
621
624
628
626
624
629
628
625
623
626
623
619
620
618
614
611
613
609
604
605
607
604
600
606
606
604
607
606
603
608
612
612
619
631
642
652
669
687
702
717
739
755
769
782
801
809
814
824
830
828
826
830
824
818
815
813
805
799
795
791
782
778
777
773
769
769
770
764
762
764
761
757
755
754
749
742
742
735
727
723
720
714
704
704
701
696
693
694
691
688
688
691
689
685
688
690
686
687
691
687
685
689
689
686
685
689
687
682
681
680
675
670
670
667
659
655
654
649
642
644
641
635
633
634
631
629
630
632
629
627
632
632
632
631
637
636
634
637
639
635
632
634
630
626
626
627
624
620
625
625
622
623
625
623
619
620
621
618
617
619
616
612
611
611
608
604
607
607
604
605
607
607
603
607
607
604
603
606
605
600
603
600
598
599
600
595
595
600
599
598
599
600
595
592
596
597
596
604
613
621
632
650
666
681
699
719
734
746
765
778
784
790
800
802
801
801
801
794
786
784
779
769
763
760
752
742
739
735
727
722
721
719
714
713
714
708
705
704
701
693
687
686
679
671
668
666
659
655
656
653
648
648
653
651
649
655
655
653
654
657
654
652
653
654
650
646
649
645
641
640
640
636
631
633
630
625
622
623
620
615
617
617
614
613
616
614
610
612
612
609
605
605
598
594
596
591
586
587
585
582
580
583
581
579
582
585
581
580
584
584
580
579
582
579
576
577
578
575
575
577
578
574
577
579
576
576
579
579
575
573
576
572
567
568
568
565
563
568
566
561
563
564
563
559
564
561
559
558
562
560
557
557
556
551
549
552
550
548
551
555
557
562
574
585
598
613
633
648
662
680
696
708
719
730
737
739
744
748
745
742
741
738
729
724
722
715
707
705
700
692
685
683
676
667
664
660
652
648
647
643
636
632
630
627
621
620
618
613
609
611
609
606
607
610
609
609
613
617
616
618
624
625
623
628
628
625
623
625
623
619
620
620
617
614
615
613
608
604
606
603
599
600
599
595
591
593
589
585
583
584
581
579
580
579
576
573
577
576
572
575
576
574
574
577
576
574
576
577
575
574
577
579
575
577
580
579
576
577
579
575
574
579
578
575
578
580
579
578
580
582
578
579
585
583
582
585
586
583
581
583
580
576
575
577
574
571
574
575
570
569
572
570
564
567
569
567
567
576
579
585
597
611
623
636
655
670
684
698
714
725
733
743
752
754
756
763
760
756
755
752
743
736
733
727
717
711
709
701
694
690
689
682
675
677
672
665
663
661
654
648
646
643
635
631
634
630
627
631
633
632
633
639
641
640
645
650
649
648
653
652
650
649
654
650
649
650
651
649
647
650
649
644
642
642
639
634
636
634
629
627
629
626
623
624
623
621
618
621
619
617
617
618
615
612
614
613
610
609
613
612
608
611
612
607
607
608
608
606
605
608
607
606
610
610
609
610
615
615
615
619
623
620
620
625
624
621
622
625
623
621
623
622
619
616
619
616
612
611
611
606
603
605
600
603
605
608
612
625
638
648
664
683
697
711
730
746
756
767
779
786
789
795
799
799
799
798
796
790
785
785
779
770
768
764
756
750
748
742
733
730
728
722
717
717
714
706
703
703
698
693
692
692
687
684
686
685
680
683
685
685
682
687
687
686
686
690
687
684
687
688
687
685
690
688
685
686
685
682
678
679
679
675
672
675
671
666
665
665
660
657
657
654
649
648
649
645
641
644
643
640
639
641
638
635
638
639
636
633
638
635
632
634
635
633
630
633
634
631
630
634
632
631
633
635
633
633
638
639
636
637
642
638
635
637
636
632
631
633
631
626
627
629
623
621
623
621
616
616
619
618
620
630
638
648
663
679
696
711
730
748
763
777
792
803
810
817
825
824
823
826
824
819
816
815
807
801
798
794
789
784
783
779
771
771
769
764
761
762
760
756
755
754
751
746
746
744
736
730
728
724
717
713
711
705
700
700
697
692
692
694
692
690
691
694
692
691
695
695
690
693
695
694
692
696
695
693
690
691
690
684
687
689
684
681
682
679
674
671
672
665
663
664
663
659
657
659
656
653
655
656
653
652
656
653
650
652
653
650
646
650
649
646
645
649
646
644
646
647
645
644
649
650
649
651
655
654
655
659
658
656
653
656
653
650
652
655
651
648
653
649
644
641
643
639
634
639
642
645
652
666
674
687
705
724
740
756
778
793
804
818
830
834
837
843
845
841
840
839
835
826
825
821
813
811
810
807
802
803
803
798
792
796
794
790
789
791
787
784
784
783
778
772
772
769
759
756
753
746
736
736
731
723
719
718
713
706
707
706
703
701
704
704
703
704
706
704
703
707
708
705
703
707
703
699
699
698
693
689
689
686
680
678
677
673
667
667
667
659
658
661
658
654
654
655
651
649
651
650
645
648
650
647
645
648
648
644
645
646
643
639
642
641
638
636
639
637
633
636
637
635
632
634
637
633
633
637
636
631
636
638
634
633
636
635
634
634
636
633
630
633
632
628
627
629
628
627
632
638
644
653
668
682
694
713
733
748
763
781
797
806
817
827
835
836
842
842
839
834
835
829
823
820
817
812
808
808
805
800
797
798
796
790
790
791
786
786
786
784
780
779
779
774
768
768
764
758
754
754
749
742
740
737
730
725
726
722
718
717
719
714
711
712
712
709
710
711
710
709
711
713
710
709
711
710
705
704
707
702
698
699
696
692
690
690
685
679
681
680
676
673
677
676
672
671
675
671
670
670
670
669
667
668
664
661
662
662
658
656
657
656
651
650
653
648
646
647
647
643
643
643
642
639
641
645
641
640
643
641
639
639
640
638
635
638
637
631
631
632
628
624
625
627
621
620
622
621
617
618
619
618
615
618
619
619
622
633
638
646
661
679
691
708
729
746
761
778
797
808
817
829
836
838
842
847
844
841
840
837
833
827
828
822
815
813
813
806
801
803
800
795
793
795
793
787
790
792
788
785
786
784
779
777
775
768
762
758
751
743
736
732
727
719
719
718
714
710
713
711
710
709
712
710
708
712
713
711
710
713
713
709
708
709
704
701
701
700
695
693
693
685
683
683
681
676
673
673
668
663
663
662
656
654
657
655
650
651
653
651
649
652
650
646
646
649
647
644
647
648
646
642
646
645
642
642
645
639
638
640
639
635
634
635
632
627
631
631
629
628
630
627
623
624
624
622
618
620
620
616
617
618
616
614
615
617
613
613
616
615
611
613
616
612
611
614
615
610
611
615
614
613
618
624
631
641
659
670
684
703
723
738
752
773
790
801
811
824
829
833
839
843
840
836
838
833
826
824
820
815
808
808
807
800
799
802
799
794
795
795
792
791
793
792
789
789
788
781
774
772
768
757
753
748
741
732
730
725
718
715
717
714
710
712
714
712
709
710
708
704
703
705
701
699
700
701
698
695
698
696
692
693
694
690
686
686
683
677
672
674
670
664
663
662
659
655
659
657
650
650
651
647
643
645
643
640
638
640
636
633
634
635
632
631
634
633
628
632
634
631
627
630
629
624
626
629
628
626
625
628
625
625
626
626
620
620
623
619
617
618
617
613
614
614
613
609
612
614
610
606
612
612
607
608
608
606
603
606
606
604
606
606
607
604
606
608
605
604
609
608
607
611
616
620
627
641
656
667
684
707
721
736
756
774
786
797
812
818
822
826
828
827
823
822
817
809
804
801
795
786
785
784
778
773
776
772
765
765
766
764
760
761
759
754
750
750
743
737
732
730
722
717
717
712
705
701
700
696
691
693
692
689
688
691
691
686
690
693
691
689
691
693
689
690
692
688
684
685
683
678
674
674
670
665
664
664
658
653
653
650
644
644
645
641
636
638
637
632
632
631
629
624
626
627
624
622
625
623
620
620
622
618
613
616
615
610
607
610
608
604
607
607
606
605
610
610
606
609
611
607
605
607
608
605
604
605
604
600
601
601
598
597
598
597
595
596
598
597
594
597
597
594
595
599
598
596
597
599
597
597
600
599
596
597
600
598
600
606
613
620
631
646
658
671
689
707
722
736
754
766
776
785
795
798
799
804
804
799
797
797
791
784
782
779
771
764
764
758
750
745
744
737
729
731
728
721
718
717
712
705
705
703
697
691
690
688
681
681
681
677
676
678
679
676
676
680
680
677
680
681
680
678
681
680
675
675
677
674
670
674
674
671
670
671
667
663
664
663
656
655
656
653
648
647
647
640
635
635
633
628
624
625
623
618
618
619
615
612
616
615
612
611
613
612
610
612
612
609
610
612
611
608
610
610
607
606
607
606
