456
455
454
456
459
461
471
486
504
527
556
587
622
660
702
741
779
816
850
880
906
928
948
962
975
985
990
992
993
990
986
979
972
963
952
941
927
911
897
885
871
856
844
832
821
806
795
781
765
747
731
714
699
683
668
655
641
630
619
608
599
594
587
582
578
576
574
571
573
571
570
569
570
569
568
567
569
567
565
566
563
561
557
555
550
544
539
533
527
521
513
509
503
498
494
488
485
483
481
476
472
469
466
462
461
461
459
458
460
459
456
456
455
452
446
444
439
433
430
428
424
421
426
433
445
464
491
521
556
595
635
674
713
751
786
817
849
876
898
918
931
940
946
949
950
948
945
940
936
928
921
911
902
891
880
870
856
844
833
822
810
798
786
771
755
740
723
705
687
671
655
639
624
612
600
588
580
574
567
563
560
559
555
553
552
550
545
544
542
538
535
534
531
527
527
523
520
517
515
512
510
508
506
501
496
492
488
480
472
468
461
454
452
447
442
437
435
431
426
424
421
415
412
410
407
404
400
399
396
393
392
390
387
384
384
381
377
375
374
372
368
368
365
361
357
356
353
349
349
348
351
354
367
381
399
428
460
496
535
580
623
664
706
748
783
814
843
865
884
900
913
922
927
930
931
928
925
920
913
904
898
889
879
867
846
834
822
811
800
787
778
766
752
739
723
706
689
669
652
635
616
588
574
563
556
548
540
536
533
531
530
530
531
531
531
534
534
534
536
536
534
531
529
526
521
516
512
506
501
497
493
487
483
481
476
471
468
464
460
454
453
448
440
436
433
427
421
419
416
412
407
404
400
394
394
391
388
384
382
379
376
371
370
366
361
360
357
355
352
355
353
351
352
351
350
347
348
347
345
345
345
341
340
339
336
332
326
328
327
325
325
327
330
333
344
359
377
403
437
475
515
561
606
651
693
735
774
807
840
866
889
908
921
931
938
941
941
938
932
929
923
915
909
901
891
881
869
859
847
834
823
810
798
785
774
761
746
732
716
700
684
670
654
639
628
618
610
598
595
592
589
588
585
580
577
572
566
561
559
555
552
550
550
548
546
545
542
539
536
533
529
525
520
515
509
503
496
490
482
476
471
466
459
457
452
446
439
436
429
423
418
415
410
404
400
396
390
387
385
379
377
377
376
371
370
371
368
365
364
363
359
356
357
354
352
350
351
348
345
344
341
338
338
336
332
331
330
327
324
326
327
330
340
358
379
405
441
476
515
556
599
639
678
714
750
781
808
831
849
863
872
879
882
882
883
882
879
875
870
864
856
849
840
831
821
813
801
792
783
772
760
747
735
722
708
694
682
666
647
632
616
599
584
569
559
548
540
534
528
523
523
520
516
513
512
510
508
507
507
505
503
503
501
497
494
493
490
486
486
484
480
477
475
470
464
461
457
451
446
444
441
437
435
434
430
427
426
424
419
418
415
411
407
403
400
394
389
386
381
376
374
373
372
368
367
366
363
360
361
358
355
355
353
351
348
344
339
337
337
334
330
330
329
326
325
327
330
332
341
356
374
398
431
467
506
547
591
634
674
716
752
784
814
841
863
880
894
903
908
910
913
911
908
907
903
896
890
883
875
867
859
852
845
836
828
819
809
799
790
777
766
754
743
727
714
701
687
673
660
648
634
621
610
601
591
582
577
571
565
561
559
556
554
553
553
551
549
549
547
543
542
540
537
534
534
530
527
522
519
515
508
503
499
493
486
483
476
469
465
460
456
450
448
443
440
435
435
430
426
422
419
412
406
405
399
394
392
389
387
384
384
382
379
377
378
375
373
372
372
368
362
363
360
355
354
354
351
349
351
349
345
345
344
344
350
360
375
398
430
465
501
542
586
629
671
713
750
784
816
844
865
885
899
911
919
924
928
929
927
923
919
915
907
900
889
883
875
866
859
849
841
832
821
810
800
787
774
763
751
737
723
710
697
680
667
655
642
628
617
607
596
586
580
574
567
562
560
557
556
557
556
556
555
556
551
551
551
550
547
544
544
540
536
533
530
526
520
517
515
509
504
501
496
490
485
480
472
466
464
460
455
451
449
444
440
437
433
427
422
420
417
412
411
409
404
399
398
393
389
387
386
385
382
384
383
383
382
383
382
380
381
381
379
376
376
372
367
363
361
358
355
356
356
359
366
379
398
420
450
486
523
565
608
650
693
733
770
804
833
861
882
899
915
927
936
941
947
947
946
944
941
936
931
925
918
911
903
894
887
876
866
854
843
831
821
809
794
782
769
755
740
727
712
697
683
671
658
646
634
625
615
606
601
596
590
585
583
581
576
574
573
570
567
567
566
565
563
562
559
555
551
550
545
540
538
533
528
523
519
512
506
503
497
493
488
484
480
474
470
466
462
455
452
446
443
438
435
431
426
424
421
416
412
410
405
400
400
400
395
392
391
389
385
380
378
376
370
369
368
366
366
367
366
362
361
360
357
352
355
352
350
350
349
348
344
345
343
341
341
347
357
371
395
424
456
493
536
578
620
664
706
745
780
813
843
864
884
903
912
921
928
931
930
928
925
919
910
904
896
888
880
873
864
856
849
840
830
820
811
801
790
778
767
754
739
726
711
696
678
664
651
637
625
617
607
597
592
586
579
572
569
564
560
559
559
556
554
553
551
550
549
550
550
548
549
549
546
543
540
535
529
522
518
510
503
499
493
486
480
476
471
467
464
462
459
456
455
450
446
441
439
435
429
427
424
418
414
412
407
402
399
396
392
389
389
387
385
382
383
379
377
377
377
377
376
376
377
375
373
374
371
369
369
367
364
361
360
357
353
351
350
347
351
358
370
387
413
442
477
514
556
596
636
679
716
751
786
816
842
864
883
897
908
918
924
926
926
924
923
917
910
902
892
883
873
864
856
847
839
830
821
813
803
793
782
772
761
749
736
723
709
692
677
662
644
632
623
613
603
594
587
579
573
569
565
560
558
558
557
555
556
555
553
550
550
549
545
543
541
536
533
529
526
520
514
511
506
502
499
497
492
486
483
478
469
466
463
458
453
451
448
445
441
437
432
427
423
420
418
413
413
409
405
402
400
396
391
391
389
387
387
389
389
387
388
387
384
379
380
379
374
373
373
372
368
367
363
360
357
356
355
353
356
360
368
376
394
416
441
473
511
551
594
639
680
719
754
789
818
842
865
883
898
911
922
927
930
932
931
927
924
922
918
914
908
904
897
889
881
873
862
852
842
833
821
810
799
785
769
756
741
726
709
696
682
669
656
645
633
623
616
609
603
599
595
593
588
587
585
582
580
579
575
574
575
574
573
571
570
569
565
561
558
554
549
547
543
537
532
530
524
519
516
513
507
503
500
497
492
488
486
480
475
471
467
462
458
455
453
447
443
441
434
430
427
424
419
414
416
413
408
405
402
398
394
394
390
387
383
382
379
375
374
371
368
366
366
365
361
361
360
360
359
362
369
379
394
418
444
476
516
557
598
641
683
723
760
794
826
855
878
898
914
926
936
941
944
946
945
942
938
934
930
922
914
909
902
892
881
871
859
846
833
822
813
802
793
783
770
758
746
732
717
703
689
676
663
652
640
629
620
611
604
595
590
586
581
578
578
575
574
574
573
572
571
571
569
567
566
564
562
559
557
553
548
542
540
533
528
525
519
514
508
504
499
491
487
483
478
471
469
466
462
459
457
455
451
452
448
444
440
438
433
428
425
423
417
413
411
409
406
406
407
408
407
408
408
405
402
401
398
394
393
393
392
390
389
387
384
380
382
380
380
385
392
402
414
435
458
484
518
557
598
640
684
726
764
799
830
856
879
898
914
925
935
943
947
949
948
947
941
936
929
927
921
915
911
904
896
888
876
866
855
844
833
821
810
799
786
770
756
741
725
710
697
685
671
661
651
641
631
624
614
608
600
596
592
589
590
589
587
587
587
585
581
579
576
574
572
573
569
568
565
562
556
549
544
539
533
528
524
519
513
508
504
498
492
489
487
483
481
480
476
470
467
462
456
451
448
445
441
439
436
431
426
423
418
413
410
410
408
406
407
408
406
401
402
399
395
395
395
393
391
390
387
384
379
377
373
368
367
365
363
361
363
363
361
366
373
385
400
426
455
489
528
570
613
654
697
736
770
802
834
880
899
913
922
929
934
936
938
939
937
935
933
930
926
919
912
902
893
883
874
865
855
844
834
822
807
792
778
759
743
728
712
700
685
672
658
644
631
619
608
598
592
587
581
578
576
572
568
566
561
557
554
554
551
549
547
546
543
538
536
532
527
524
523
520
517
515
511
507
501
497
492
487
483
478
477
471
468
465
458
451
449
443
437
434
431
428
423
422
419
414
412
411
407
404
404
400
396
391
390
387
382
381
379
377
376
377
377
374
374
374
372
369
369
368
367
364
366
365
359
360
360
357
354
356
358
362
370
384
401
422
452
485
522
560
603
644
684
724
759
790
818
844
863
880
894
906
913
917
921
920
917
914
909
904
898
895
889
882
876
868
860
848
839
829
818
808
798
787
775
764
751
737
722
709
695
680
667
655
641
629
618
609
599
591
585
579
576
573
573
573
573
573
572
570
568
570
568
570
569
570
569
565
564
559
554
549
546
539
534
530
528
524
518
515
512
508
502
500
495
491
488
485
482
477
474
468
462
458
455
452
449
447
445
441
437
435
430
424
422
421
417
415
415
413
409
407
404
401
397
397
395
393
392
393
390
386
385
381
378
375
374
373
371
371
373
375
381
393
406
425
453
487
523
563
608
652
694
735
772
806
838
866
888
905
918
925
931
933
935
937
936
935
935
933
929
924
918
911
903
896
887
876
868
857
846
833
822
812
799
786
775
759
742
726
709
692
677
662
650
639
627
618
611
603
597
592
587
582
580
578
576
575
577
575
574
572
570
568
565
564
560
557
553
550
545
540
537
533
529
524
523
519
515
512
510
505
499
496
490
486
480
476
472
466
463
457
454
447
444
438
432
428
425
421
415
414
411
406
404
404
401
399
399
400
399
398
401
401
400
400
399
397
395
395
393
392
390
388
386
383
382
380
376
373
373
371
368
368
373
377
386
403
426
452
485
522
561
603
645
686
725
762
796
823
850
871
889
904
915
924
933
938
943
943
943
942
940
939
934
928
925
915
907
896
888
876
864
853
840
827
815
802
788
772
757
742
723
705
689
673
658
646
636
625
616
610
603
597
592
588
586
582
581
580
579
576
573
570
566
564
563
562
562
561
561
557
553
550
544
537
535
532
528
526
525
520
515
509
503
498
491
488
485
482
477
475
470
464
458
453
446
441
438
435
430
427
424
419
413
409
407
402
402
401
402
401
401
400
398
395
392
390
385
383
384
381
380
380
378
374
370
368
365
362
361
361
359
356
357
352
348
345
345
348
356
370
385
407
435
465
498
537
576
614
654
696
735
769
800
828
849
867
882
898
910
920
925
929
927
925
923
919
914
909
904
897
890
882
872
861
850
839
826
814
802
790
776
763
749
734
717
701
685
670
655
643
630
618
609
599
588
580
575
570
566
566
566
563
561
560
558
556
553
553
552
551
552
551
547
543
540
534
529
528
526
523
519
518
513
509
502
497
491
485
480
476
472
468
466
459
452
448
443
439
434
433
430
425
421
418
412
406
404
401
399
396
398
397
395
394
395
394
391
392
393
392
392
393
391
387
386
382
378
373
374
368
367
366
367
364
361
360
362
361
363
372
381
395
415
440
468
499
535
573
611
652
691
728
762
795
822
846
867
885
897
907
914
920
922
921
920
915
910
906
900
891
887
881
873
865
854
843
831
820
810
800
790
779
767
753
736
719
702
685
669
657
647
635
626
619
609
598
590
580
571
567
566
565
565
565
565
561
557
553
549
546
546
548
552
555
556
559
556
552
548
543
537
534
532
528
525
522
518
511
502
495
488
480
477
476
474
469
468
464
457
452
448
442
433
430
427
423
420
418
414
408
404
400
396
392
393
393
391
391
391
388
384
382
379
376
373
374
373
371
370
369
368
361
360
356
353
350
352
350
347
348
347
348
350
363
377
397
426
459
496
533
575
613
651
688
726
760
791
819
844
865
881
893
901
907
911
913
917
916
916
915
910
903
896
886
876
868
850
841
832
820
808
794
782
767
753
741
727
713
699
687
670
652
640
626
613
593
587
580
574
570
565
561
560
557
555
554
554
552
550
549
546
544
540
538
536
533
532
530
526
522
519
515
510
505
503
498
494
492
488
484
476
474
468
463
456
454
450
445
442
435
430
424
421
417
412
412
410
408
405
404
400
396
393
390
386
382
381
379
376
371
372
368
365
363
361
361
359
363
363
361
360
360
357
355
353
354
352
350
351
349
343
344
342
343
349
359
372
394
421
449
482
519
557
596
637
680
719
755
789
820
847
868
886
901
912
921
926
930
931
932
930
925
920
913
905
896
888
881
870
860
851
841
829
818
807
795
783
773
758
745
730
716
699
682
666
650
635
621
609
600
589
581
576
570
564
562
559
556
555
555
554
553
553
552
549
547
547
546
544
541
540
537
532
530
526
519
513
509
504
498
493
489
483
478
475
470
466
460
458
454
450
448
445
440
435
432
426
421
417
413
409
401
401
398
395
391
389
384
381
379
379
376
375
376
376
373
374
372
371
368
369
368
366
364
366
364
360
360
357
354
349
349
343
341
342
339
338
341
343
348
351
367
384
407
437
471
510
551
596
638
677
715
749
780
807
833
856
874
891
905
917
922
926
928
928
926
925
922
916
914
909
901
893
884
875
862
852
842
833
824
814
805
791
778
765
748
732
717
702
687
672
661
648
637
625
617
609
601
597
591
586
582
582
578
577
575
573
570
566
564
562
560
559
557
555
551
548
545
540
533
530
525
519
515
513
508
502
499
494
487
482
479
474
469
466
462
458
453
450
445
439
434
430
425
419
417
415
410
408
407
405
403
399
397
393
390
389
390
385
385
385
383
380
379
375
375
372
373
372
373
372
375
371
367
365
362
358
354
356
353
351
351
349
348
344
347
350
355
367
387
411
439
474
510
548
587
627
665
700
738
773
805
832
855
875
888
897
904
910
911
914
914
912
910
907
899
892
884
877
867
860
853
847
839
833
824
813
802
790
776
762
749
737
723
708
695
680
665
650
638
626
615
606
599
595
590
588
580
581
578
578
576
576
578
578
577
575
575
572
568
566
562
560
556
555
553
549
546
542
539
533
530
526
522
518
518
515
511
507
504
500
495
493
490
487
484
485
482
480
480
481
481
479
480
477
472
470
469
466
464
464
465
464
463
466
465
465
466
465
461
457
454
452
448
448
447
445
443
442
439
436
433
430
429
425
424
426
426
428
436
446
460
482
512
545
582
624
668
710
751
790
825
855
884
908
929
949
966
979
988
995
999
1000
998
996
993
987
983
976
968
960
950
942
931
921
911
899
890
880
870
857
843
831
816
799
783
767
751
735
722
708
694
681
670
660
650
641
634
629
623
621
619
615
612
611
609
605
605
603
599
600
599
595
592
587
584
579
576
573
568
564
562
557
552
548
544
537
531
528
522
517
512
507
501
494
489
483
476
470
467
461
457
455
452
448
443
441
438
435
431
430
427
424
422
419
417
415
413
410
406
406
407
407
403
403
401
396
392
392
388
384
385
384
382
381
382
378
375
374
375
376
378
386
396
411
431
459
488
523
561
605
648
692
737
779
817
851
881
903
923
940
955
965
975
980
983
983
982
978
973
967
961
954
946
942
934
926
917
907
896
886
875
862
851
837
824
810
793
776
760
744
726
712
698
686
674
664
652
640
630
623
614
607
603
600
596
592
592
589
586
583
581
578
572
572
570
568
566
567
565
561
558
555
550
545
544
541
535
531
528
522
515
510
503
496
490
487
482
477
473
469
464
459
456
452
448
444
444
440
437
436
433
430
425
424
422
421
420
421
419
417
415
413
408
405
404
400
396
395
393
390
387
384
381
377
374
372
372
369
369
368
367
364
369
370
375
387
403
423
450
483
520
558
600
642
683
724
763
800
834
864
890
910
927
940
950
959
964
969
970
972
971
969
963
958
950
936
927
915
903
891
879
866
854
840
827
813
800
784
770
756
740
724
710
695
679
664
651
638
626
616
609
601
595
590
584
580
577
575
571
567
566
564
561
559
559
557
555
554
554
550
547
547
543
539
534
530
524
517
514
508
502
496
492
486
480
478
474
468
463
461
456
452
447
444
439
434
431
429
424
420
419
416
414
412
412
411
408
409
406
403
399
398
396
392
391
390
389
387
387
385
382
381
379
377
375
375
374
372
371
372
374
377
389
403
424
448
482
515
552
591
632
673
711
747
783
812
840
864
882
897
908
916
922
925
929
930
929
928
924
921
915
908
900
891
883
875
864
854
845
833
823
812
800
788
775
761
750
736
723
711
696
681
668
654
643
632
624
617
612
607
605
601
596
595
593
588
588
587
587
585
582
582
578
575
573
570
566
563
562
559
555
552
548
542
535
529
524
519
512
508
502
495
491
485
477
471
467
461
457
453
453
449
446
444
440
437
434
433
431
429
430
428
427
423
423
418
414
411
412
410
409
410
410
409
408
407
405
402
400
399
397
395
395
394
390
389
387
385
383
387
394
403
419
443
470
501
537
576
616
656
698
738
774
808
839
865
888
908
922
933
942
950
953
953
954
952
945
943
937
930
923
916
909
900
891
882
872
860
850
840
827
814
803
788
772
756
741
724
709
695
680
669
655
646
636
626
618
613
606
601
599
598
597
596
598
597
597
594
594
592
589
586
586
583
581
579
575
570
567
562
557
552
549
545
542
537
536
530
525
521
515
508
502
499
493
487
484
481
477
472
470
465
462
459
458
455
451
451
449
445
441
440
436
433
432
431
430
430
431
429
426
423
423
420
416
416
415
412
409
409
408
402
399
398
394
392
391
392
391
392
398
403
411
426
446
469
498
534
572
611
650
691
728
765
798
828
855
879
901
919
934
948
957
962
967
969
968
966
966
964
960
954
949
940
930
919
906
893
881
868
856
841
826
811
792
775
756
740
722
705
691
676
664
651
641
631
621
613
609
604
600
600
598
597
596
596
593
591
590
590
589
589
591
592
591
592
591
587
582
581
576
573
569
567
563
556
551
544
535
528
523
517
510
504
501
494
486
480
472
464
457
453
448
443
441
438
434
429
428
423
420
420
422
423
421
423
422
419
416
414
412
408
409
408
407
405
405
403
399
396
396
392
391
390
391
390
389
389
386
382
380
377
374
370
372
375
378
387
400
416
437
465
498
533
571
613
654
693
733
766
799
826
853
874
893
910
922
932
939
943
945
943
941
937
933
930
927
920
914
906
896
884
872
859
849
838
825
814
800
785
769
754
736
718
702
687
671
656
644
632
619
609
601
592
587
584
582
580
578
580
578
577
577
575
572
569
571
569
567
566
566
560
556
554
547
542
537
534
529
523
519
514
507
501
496
490
486
482
481
478
473
471
466
459
453
448
441
435
432
428
424
419
416
412
406
401
399
398
394
395
395
394
393
394
392
389
388
388
387
386
388
385
385
382
381
376
373
370
368
365
361
361
359
355
354
351
349
344
343
343
339
339
341
344
349
359
378
397
422
454
489
527
570
613
654
694
733
767
796
824
846
865
881
895
904
912
915
918
917
914
912
908
905
898
893
887
878
869
847
835
823
814
801
791
779
768
754
740
724
708
692
678
664
652
638
626
612
600
588
578
569
561
559
555
552
552
551
550
548
549
549
548
548
549
549
549
550
550
547
543
540
534
529
525
521
515
510
508
503
498
492
491
485
481
480
476
473
468
466
461
456
450
447
441
435
432
426
423
416
415
412
406
406
402
400
397
398
396
395
392
393
391
389
389
389
389
390
391
390
388
389
387
383
379
377
374
372
370
369
365
363
361
358
354
351
352
352
352
357
363
372
382
401
423
450
482
519
558
600
643
684
721
754
790
819
843
865
884
900
913
924
929
934
936
935
932
930
927
924
921
916
913
904
897
888
877
865
852
843
831
819
808
796
782
767
752
733
718
702
688
674
660
649
637
625
616
606
600
594
591
589
587
584
584
583
581
579
577
574
571
569
567
565
561
560
556
550
545
541
535
529
528
523
520
517
515
510
504
500
496
488
483
478
473
467
463
459
451
444
440
434
429
425
425
420
416
415
412
408
403
401
400
395
393
394
392
389
388
386
382
379
380
378
375
376
375
374
372
371
369
364
363
363
361
357
357
357
354
352
352
349
343
343
340
335
335
335
332
332
338
345
357
375
402
431
466
507
547
588
633
675
717
754
790
821
848
871
891
903
915
923
929
933
938
940
942
940
938
935
929
922
915
905
895
886
878
868
857
848
837
823
811
798
782
768
753
739
723
706
691
674
658
642
627
613
601
592
586
578
573
570
565
560
556
555
552
551
553
552
553
552
551
550
546
542
540
536
532
531
529
524
520
516
510
502
498
492
487
480
478
474
468
464
460
452
445
441
435
430
425
425
420
417
414
409
404
399
395
391
386
386
384
381
377
376
372
367
363
362
360
358
358
358
357
356
355
353
350
351
351
352
351
354
354
353
350
348
345
338
336
332
327
324
323
321
317
316
318
320
325
339
357
378
409
444
481
521
562
604
645
686
727
764
798
828
855
877
895
910
919
926
932
938
939
942
941
939
935
931
926
916
908
902
894
884
875
867
856
846
834
820
804
787
772
756
738
720
703
684
664
648
634
619
605
595
586
577
570
566
561
558
558
557
556
556
556
555
552
552
552
547
548
549
547
542
537
533
525
518
514
509
503
499
500
496
491
486
480
472
464
460
452
448
444
442
439
432
428
422
415
407
404
400
395
394
393
389
384
382
375
372
365
365
363
361
362
362
363
358
357
354
348
345
344
349
349
348
345
341
336
334
332
329
327
326
325
320
318
315
312
307
307
308
308
312
322
333
349
372
399
430
464
504
545
587
629
670
709
744
775
803
825
845
863
876
886
896
901
904
904
903
899
894
889
884
878
870
863
857
848
838
829
820
809
799
789
779
768
759
748
733
720
707
689
674
660
646
634
622
613
604
594
586
577
567
561
557
554
553
554
556
556
554
553
550
547
544
544
545
546
549
548
545
541
537
528
522
514
511
508
504
504
503
498
493
489
482
475
470
467
464
461
461
460
455
449
444
437
429
426
423
422
421
423
422
419
416
414
408
404
403
402
401
402
403
403
399
398
393
388
386
386
384
383
385
386
384
381
380
374
369
365
364
362
361
366
372
377
386
401
420
441
472
509
550
592
639
685
727
770
809
841
870
894
916
936
954
971
981
985
990
991
988
985
982
979
975
971
964
957
947
937
925
913
901
889
879
865
855
843
830
816
803
788
772
758
745
729
713
697
682
667
653
643
632
623
617
613
607
600
597
595
593
593
591
591
592
589
586
582
580
576
572
570
570
565
561
558
553
548
542
536
531
526
524
520
515
509
506
503
496
491
487
482
477
475
472
467
461
459
452
445
442
437
434
430
430
428
425
421
419
416
412
410
407
406
404
405
403
401
401
400
396
394
393
392
388
387
387
384
382
377
375
370
365
363
361
360
362
367
371
378
392
410
434
462
497
533
572
615
656
696
735
772
804
834
860
883
902
921
937
948
956
962
964
962
959
956
952
947
945
941
932
924
915
903
891
880
870
863
852
845
836
824
811
796
781
765
748
735
721
707
693
680
665
650
639
625
615
609
605
601
599
599
598
595
592
591
588
586
586
588
588
589
591
588
584
579
574
569
563
561
557
553
549
546
541
535
530
524
520
513
511
509
504
501
498
490
482
475
470
465
459
456
452
446
442
438
432
427
426
423
421
419
419
420
418
417
415
412
407
406
402
399
400
398
397
395
394
391
387
383
381
379
376
375
374
372
369
369
366
363
364
368
374
386
405
428
454
485
521
558
596
637
679
719
756
793
825
853
877
898
912
925
934
941
945
950
952
950
950
947
943
936
929
921
912
904
897
889
880
869
859
848
836
825
812
800
787
773
759
744
729
712
697
681
667
652
642
631
622
613
606
598
592
587
581
580
579
577
577
577
577
574
572
570
566
563
561
558
555
551
551
546
541
537
533
527
523
521
517
513
510
507
502
496
492
486
482
474
471
466
461
459
454
449
445
441
437
433
430
428
426
422
422
419
416
412
410
405
402
401
402
400
399
399
396
392
389
389
386
385
385
383
381
377
374
370
363
362
361
360
360
363
366
369
375
387
400
418
444
474
508
545
586
624
662
699
734
765
794
821
846
867
884
899
909
915
919
919
914
913
911
908
902
898
890
881
871
863
852
841
834
827
819
810
802
794
780
767
753
737
722
708
695
680
667
655
641
627
614
604
594
587
583
580
578
576
576
575
571
570
569
567
566
567
569
570
570
571
568
566
563
560
557
552
549
545
541
536
531
523
515
510
502
495
491
489
485
481
479
474
468
463
459
456
451
449
448
446
443
440
436
431
426
424
421
419
420
420
420
418
419
418
414
412
412
410
409
410
410
409
406
406
403
400
399
397
395
395
395
396
397
399
407
417
431
453
479
508
544
585
623
661
700
737
768
798
825
851
872
891
906
919
928
933
938
939
937
936
932
928
922
918
910
903
894
885
875
866
849
840
832
823
810
799
786
772
757
742
727
712
695
682
668
653
640
629
619
610
604
598
591
588
585
583
579
578
577
575
572
574
572
571
570
569
567
563
560
558
555
552
550
545
541
538
530
526
518
515
509
506
501
497
492
486
481
475
469
463
459
455
450
446
444
439
434
431
426
422
418
417
415
413
414
412
411
407
407
405
401
401
399
398
395
394
391
386
383
381
377
372
373
372
371
369
370
370
368
368
370
372
377
388
404
421
446
476
509
543
582
621
663
701
741
776
808
840
864
887
904
918
929
938
945
950
951
953
951
947
943
938
930
922
914
907
899
888
880
871
859
847
835
824
812
799
788
775
761
747
733
716
699
682
668
654
642
633
625
618
612
607
603
598
595
593
589
588
587
585
583
581
579
574
570
568
565
560
558
555
552
546
544
539
534
528
525
521
515
511
507
502
496
492
486
480
475
471
467
462
459
455
451
446
444
437
432
428
425
422
418
417
415
411
407
407
404
400
398
397
395
392
394
392
389
388
388
386
382
382
380
377
376
376
372
369
367
367
364
363
364
366
369
377
391
407
428
457
486
523
562
604
645
684
725
762
795
825
851
874
891
906
920
931
939
944
947
948
949
947
943
939
935
930
924
916
908
899
887
875
864
851
840
828
816
803
787
774
757
741
726
711
695
680
668
655
643
632
621
611
595
590
585
581
579
576
574
574
571
568
567
567
566
565
563
563
561
557
555
549
543
537
533
527
522
520
517
512
505
501
495
490
485
481
477
473
471
467
463
456
452
446
440
436
432
429
425
425
421
417
413
410
408
403
403
402
401
399
402
399
397
396
394
393
390
389
387
384
382
381
377
371
369
364
359
355
354
352
350
350
351
352
354
361
372
387
408
435
466
500
538
578
617
656
694
730
762
793
820
843
864
881
892
901
906
912
914
916
916
913
913
909
903
896
887
878
869
859
851
841
828
817
804
790
775
760
745
728
712
696
681
665
648
634
618
605
592
582
574
566
559
556
551
548
546
544
542
541
541
541
540
539
538
537
534
534
530
527
523
523
520
516
515
510
505
500
497
492
486
483
480
474
470
467
462
457
451
448
443
438
436
433
430
425
424
422
416
415
412
409
405
405
403
402
400
399
397
394
392
391
389
387
387
386
383
381
379
376
372
371
369
365
363
365
363
361
362
363
365
368
379
394
412
437
468
501
536
574
614
652
691
729
763
794
822
847
866
882
896
905
911
917
920
921
923
921
921
917
912
907
899
892
882
875
865
856
847
837
825
812
800
787
770
754
739
722
706
689
672
655
639
626
613
601
593
585
578
574
571
568
564
563
561
559
557
558
558
556
556
555
553
549
548
544
541
539
538
535
530
528
524
520
514
510
504
500
495
493
488
484
482
478
472
466
461
455
447
442
437
430
424
422
415
409
406
404
401
398
398
397
394
392
393
391
387
387
384
381
378
377
374
371
370
368
364
360
359
356
355
353
355
356
355
361
368
375
388
408
432
458
491
528
565
603
643
681
716
749
781
810
833
856
876
890
902
911
914
917
918
917
917
917
915
911
905
899
893
884
873
865
855
844
833
823
808
794
779
763
744
726
709
691
674
658
643
627
613
600
588
578
568
564
559
555
553
552
549
546
544
541
541
539
540
540
538
540
538
536
532
528
525
521
519
518
515
512
510
507
501
495
491
486
480
478
475
470
465
462
455
447
442
437
432
426
425
421
418
413
410
405
400
397
396
393
391
392
391
389
387
387
382
378
377
373
371
368
368
366
362
360
357
354
350
349
347
344
342
342
340
336
337
335
334
335
344
355
369
392
420
452
485
525
564
605
645
687
724
759
793
821
846
866
883
894
905
912
917
920
923
924
921
918
916
911
904
897
890
882
874
864
855
842
829
816
802
785
769
754
736
718
700
683
663
646
632
619
604
593
585
577
570
565
562
557
554
553
551
549
549
550
549
548
548
548
546
543
542
538
535
532
530
526
521
519
514
508
502
497
492
486
482
477
473
469
466
462
456
451
447
444
440
439
436
432
429
425
420
414
410
404
400
396
394
391
389
387
387
385
382
382
382
379
379
381
379
376
376
374
370
365
364
362
357
356
357
353
350
351
352
356
365
382
403
426
457
492
526
564
604
642
680
719
755
787
816
842
862
878
890
898
904
909
911
912
913
911
908
901
893
884
876
866
856
848
839
829
820
809
797
785
772
759
746
734
720
706
690
676
660
643
627
614
601
590
581
576
571
566
564
561
557
555
555
554
554
557
560
562
562
564
564
562
560
559
557
553
553
552
549
546
543
536
531
524
520
515
511
511
508
505
500
499
494
489
487
485
483
481
482
483
485
491
496
496
496
495
490
483
477
479
476
473
473
471
467
464
466
464
463
462
462
461
455
453
449
443
438
435
433
428
426
424
421
418
419
421
425
433
449
469
493
525
559
596
635
676
716
755
793
830
860
888
915
933
949
962
972
979
985
990
992
992
991
988
982
975
968
958
949
937
929
917
905
894
882
869
855
842
826
811
796
781
764
745
729
710
692
673
658
642
629
619
611
606
599
597
594
590
587
586
582
579
580
579
577
575
575
573
569
566
564
561
557
557
554
551
547
544
536
529
523
516
510
502
498
494
488
484
480
474
468
464
458
452
447
445
442
436
433
429
422
416
414
409
405
400
401
398
394
394
392
387
384
384
382
379
379
380
379
376
375
373
368
365
363
359
357
356
356
353
350
348
347
342
341
343
344
348
359
375
394
419
450
483
519
562
604
649
692
734
772
805
835
861
883
900
915
927
935
942
948
949
949
948
944
939
936
931
924
917
911
904
893
881
871
843
830
817
803
787
774
757
739
723
705
686
669
652
636
622
606
597
586
576
567
562
555
549
548
546
544
543
545
542
540
539
538
534
531
531
529
525
522
520
514
507
504
498
492
487
484
480
476
471
468
462
455
451
445
440
434
431
427
421
417
413
407
401
398
393
389
383
382
377
372
370
364
359
355
354
350
347
348
348
347
343
340
337
336
333
330
330
327
325
321
321
317
312
309
307
303
300
299
300
297
299
306
313
326
344
370
401
434
475
515
555
599
641
680
719
756
788
815
839
875
884
895
898
903
903
903
901
898
895
889
881
873
865
856
846
836
827
818
808
798
786
773
761
745
734
718
703
687
668
652
635
618
601
586
573
560
551
544
537
530
526
522
518
515
514
514
513
512
513
514
513
510
511
508
504
503
501
498
495
495
490
485
483
480
474
469
467
463
460
455
451
446
439
434
428
422
414
410
404
398
394
391
386
381
378
373
368
366
366
364
361
363
361
360
357
358
356
353
354
354
352
350
349
340
336
336
335
334
336
335
334
330
329
326
323
326
334
347
364
