531
531
537
534
527
532
536
530
528
536
535
528
531
538
535
534
547
556
560
571
593
607
616
640
661
673
687
710
721
726
738
752
754
755
765
767
760
760
765
760
749
754
755
747
741
748
743
735
734
737
730
721
724
721
708
703
704
694
680
678
673
662
651
655
649
639
638
640
635
628
633
634
626
625
633
630
623
628
631
625
620
625
623
614
616
621
616
608
616
615
606
606
612
608
600
605
606
599
593
598
593
583
581
583
576
569
573
573
565
562
569
564
557
560
565
558
555
561
559
551
551
555
547
540
548
547
541
540
547
543
538
542
545
541
537
546
544
538
539
545
539
530
534
532
522
519
527
523
517
521
527
520
516
523
521
511
511
515
508
500
505
506
501
503
518
523
528
547
568
580
597
623
642
652
671
690
699
703
721
729
726
730
739
735
728
732
734
726
720
727
724
715
715
719
712
703
709
706
696
692
696
688
676
676
673
660
649
652
644
632
629
631
623
616
620
620
613
610
616
612
603
607
608
600
596
605
601
592
592
597
592
586
594
595
588
585
590
584
575
577
581
575
571
577
575
566
565
570
565
557
563
563
555
552
558
553
544
545
547
539
532
538
537
527
527
531
524
517
523
524
517
514
524
520
516
522
528
522
517
524
520
512
511
516
510
504
509
509
504
501
508
505
497
503
509
505
502
511
510
502
502
507
501
492
497
496
488
485
490
486
479
483
492
493
496
515
528
535
552
574
586
597
620
636
644
655
674
682
683
694
702
701
697
709
709
703
704
711
705
698
702
700
689
683
688
682
671
671
671
661
652
656
650
638
634
634
625
613
614
612
601
593
598
591
582
585
588
583
578
587
587
580
581
588
584
578
584
587
579
578
583
581
572
576
578
570
565
571
568
560
559
564
557
548
552
552
542
539
543
540
531
534
537
532
526
534
530
524
523
529
522
514
519
520
511
508
515
511
504
507
513
507
504
513
514
510
510
519
514
508
513
514
507
503
510
506
497
499
501
495
489
497
497
492
492
501
499
492
500
503
498
495
503
501
493
495
498
491
486
493
495
492
499
514
520
527
547
566
577
590
617
630
640
658
675
680
683
697
701
697
699
706
702
694
699
699
691
687
694
690
682
681
685
676
668
672
667
655
650
650
638
626
625
623
611
604
608
603
593
595
599
594
591
599
601
594
596
605
601
596
603
608
600
610
608
605
611
606
601
608
608
599
598
604
597
590
593
594
586
583
590
584
575
575
577
571
564
570
570
562
560
567
561
555
560
563
556
553
561
557
552
554
558
553
548
555
555
549
551
559
556
550
556
558
552
548
556
553
546
548
554
547
540
547
546
537
536
541
539
533
539
542
536
533
541
537
529
532
536
531
525
531
531
522
520
529
526
524
535
548
552
562
585
599
607
628
651
663
675
699
713
718
729
744
747
746
753
758
753
749
760
756
744
747
748
740
732
735
732
723
719
724
717
705
707
706
695
687
689
682
669
668
669
657
649
652
647
635
631
635
628
619
623
626
618
615
623
622
615
620
627
624
621
629
629
621
619
627
620
611
615
615
606
601
607
594
593
597
589
583
589
588
579
576
582
576
565
568
569
561
556
563
561
551
552
556
551
544
550
552
545
545
553
550
543
548
550
541
536
544
540
532
533
538
531
525
530
530
523
524
533
530
524
530
534
528
523
531
528
518
520
525
520
515
520
521
514
511
519
514
506
510
515
510
508
518
519
517
525
539
545
551
574
592
619
645
659
665
687
705
710
716
732
739
735
741
749
744
737
743
741
732
728
733
726
714
715
713
701
695
700
697
686
685
685
676
663
666
663
652
647
649
642
628
628
627
617
610
616
614
605
608
613
605
600
607
609
601
601
611
609
603
608
614
607
603
611
609
601
601
606
600
593
598
598
588
584
589
583
574
575
576
568
560
567
562
551
552
556
549
542
548
548
540
536
544
541
534
538
542
536
532
538
537
527
528
534
527
519
525
526
520
518
526
523
515
519
523
517
512
520
518
512
511
517
512
503
508
509
502
501
510
508
502
507
512
506
501
510
508
499
501
507
501
493
501
505
499
502
517
520
524
542
561
570
583
609
626
635
651
673
681
687
704
715
715
718
728
728
720
725
727
720
714
720
715
705
703
706
697
687
691
690
680
675
680
673
661
660
660
646
636
638
632
618
615
618
611
599
604
604
596
595
604
603
597
603
609
604
600
609
608
603
610
606
597
603
604
594
588
596
592
583
587
590
585
579
585
583
573
573
577
571
563
566
567
558
551
557
550
539
543
545
539
534
542
542
534
535
543
537
530
536
540
531
529
537
534
526
528
533
525
520
525
526
519
520
528
523
517
524
526
518
517
524
521
513
515
518
509
501
509
507
499
500
506
501
494
500
502
496
493
501
497
490
492
496
491
486
496
500
497
504
520
526
531
553
570
581
594
619
630
636
651
667
670
672
686
690
686
690
698
693
686
691
692
683
681
687
683
672
672
673
661
650
652
647
634
629
631
621
609
610
607
596
589
593
588
579
581
583
576
570
576
575
566
566
572
570
563
569
573
567
565
574
572
564
567
574
570
565
573
572
566
563
570
561
553
559
558
550
545
553
547
537
539
541
534
526
533
532
524
525
532
526
520
523
527
518
515
523
521
514
517
522
516
510
518
518
510
511
520
515
510
516
519
514
509
519
517
510
513
520
514
511
519
518
510
508
514
509
504
511
516
511
507
515
511
502
504
510
504
501
510
512
504
503
510
506
500
511
522
527
536
558
571
581
600
621
632
641
663
678
681
692
707
711
708
717
721
716
714
721
719
710
712
717
707
697
700
696
684
679
683
675
663
664
662
649
640
641
635
621
618
619
611
607
605
597
593
600
595
587
592
596
590
588
596
596
589
592
599
593
588
597
599
593
595
604
601
595
600
604
596
591
597
592
581
580
583
574
565
569
566
557
553
559
554
548
554
556
551
545
553
550
542
543
550
540
535
541
541
532
528
537
532
525
531
536
531
528
539
540
533
535
543
537
533
539
540
532
530
537
532
523
526
529
520
515
522
522
515
519
525
522
515
523
525
518
517
525
520
512
515
516
510
508
519
524
525
537
557
568
578
603
625
635
653
678
691
697
713
729
731
735
748
751
746
750
756
751
743
748
748
739
737
741
736
725
728
727
716
710
713
706
693
692
693
684
672
674
669
658
653
654
649
638
639
639
630
622
628
626
617
618
624
618
613
620
623
616
615
624
624
616
622
626
618
614
620
618
609
608
612
605
598
601
601
591
587
594
588
580
584
586
578
572
579
575
566
563
569
561
553
557
557
548
546
554
551
544
549
554
549
547
553
553
544
546
551
545
538
543
542
534
529
537
532
524
528
532
528
524
534
532
525
526
533
529
521
529
528
523
519
527
522
511
515
520
513
508
517
516
510
512
519
518
514
527
537
539
550
570
581
590
608
630
641
653
677
692
700
713
731
735
735
746
750
744
743
748
744
734
734
735
724
714
718
714
704
702
705
701
692
697
695
684
676
678
669
653
651
648
634
623
624
617
606
601
604
596
588
592
593
585
580
587
581
572
574
575
566
558
562
558
546
540
541
529
517
516
511
496
490
491
484
474
474
481
476
470
478
476
468
468
473
468
461
467
468
461
460
467
466
460
465
471
467
462
471
470
463
464
470
464
457
461
461
451
447
451
448
437
439
441
434
427
431
427
416
414
419
412
406
413
416
409
407
416
416
411
419
427
423
422
431
433
428
428
435
430
424
429
432
427
429
442
448
451
467
486
495
508
534
551
564
580
605
616
625
643
659
663
669
687
691
687
694
699
695
692
701
702
694
691
695
689
677
679
677
667
657
661
652
639
639
639
631
623
629
626
616
612
615
607
596
599
599
589
585
591
587
578
579
583
579
573
581
582
575
576
584
581
574
581
586
582
579
588
586
579
580
585
577
570
573
572
562
560
565
559
551
556
557
551
546
553
550
542
544
549
543
537
544
542
534
532
539
535
528
536
539
533
531
540
538
530
532
537
531
523
530
528
518
516
522
515
506
512
514
509
505
514
514
508
510
515
510
504
512
513
506
505
513
508
501
508
510
504
501
507
505
495
496
500
493
488
497
503
503
510
530
541
550
572
593
603
617
641
653
660
672
688
690
691
700
703
696
694
699
694
683
685
684
675
668
673
670
659
659
663
655
645
649
646
634
628
631
621
610
609
608
596
590
593
588
576
576
581
575
569
575
578
572
573
582
581
577
585
591
587
585
594
594
588
590
598
592
587
596
595
587
585
591
586
576
580
582
575
570
577
574
566
565
569
562
553
558
558
550
549
554
551
544
549
555
549
545
555
554
547
549
553
548
541
548
549
541
539
547
545
538
544
548
544
542
551
552
543
544
549
543
536
543
544
538
537
545
542
535
540
544
537
534
542
540
533
534
541
537
533
545
551
554
563
584
596
605
626
647
659
671
695
708
712
724
737
739
738
749
751
744
743
750
747
736
739
741
733
725
731
727
718
716
719
711
702
705
701
690
681
684
675
661
659
658
647
637
640
635
625
624
630
624
618
626
629
624
625
635
634
629
635
641
635
630
637
636
627
625
632
625
618
624
624
616
614
621
618
609
612
615
607
599
604
601
590
588
590
583
575
580
580
572
570
577
574
566
569
574
566
559
567
564
554
553
559
552
544
551
552
544
542
551
549
541
547
552
548
543
550
549
541
539
543
538
529
536
536
528
524
529
523
513
515
521
517
514
522
523
514
515
521
518
511
520
527
528
533
551
559
565
583
604
616
628
655
672
681
696
717
724
726
742
750
749
751
762
762
755
758
761
751
743
746
742
731
727
730
722
711
713
710
698
689
691
683
670
669
669
657
648
649
645
635
630
635
628
619
624
626
619
615
621
618
609
612
617
611
607
616
616
608
608
615
610
603
608
609
603
610
607
600
605
599
592
597
595
583
582
587
580
569
573
573
565
560
568
564
558
561
568
562
558
565
565
557
555
563
558
552
557
559
550
546
552
550
541
544
551
545
541
549
549
541
540
548
543
537
541
545
538
534
541
536
527
529
534
529
523
533
534
527
527
535
529
521
524
527
519
516
525
525
522
530
544
550
558
580
597
608
623
650
663
672
692
705
710
714
730
735
733
741
751
746
743
748
746
736
733
735
728
717
719
717
705
696
699
693
682
679
681
669
657
660
653
640
635
637
628
617
620
620
611
606
613
611
604
608
601
595
601
601
592
590
596
591
582
585
588
581
575
585
582
573
574
577
571
563
567
564
553
549
553
547
537
540
542
535
530
537
533
526
526
532
525
519
524
525
515
512
517
512
502
505
506
497
490
497
494
485
487
492
487
482
491
493
489
490
499
495
489
496
498
492
487
494
491
481
481
484
478
470
478
479
472
474
482
480
474
480
485
478
474
481
480
474
478
486
483
481
492
499
502
510
532
541
549
571
592
600
615
636
650
654
668
681
684
683
693
696
690
688
694
688
678
681
683
675
670
676
675
665
663
664
654
643
643
639
624
618
619
610
596
594
594
582
573
578
574
564
564
570
565
559
565
568
562
562
572
571
566
571
576
571
568
576
575
567
567
574
568
561
567
567
560
556
565
560
552
556
559
553
546
551
548
537
537
539
532
526
532
534
528
525
532
527
517
519
522
516
512
520
521
512
514
518
511
504
511
515
509
509
520
519
513
517
522
517
514
525
526
522
523
529
524
514
520
519
508
505
511
509
502
508
514
510
507
518
518
512
514
523
520
519
531
540
541
549
568
577
584
603
626
636
648
671
686
690
702
719
722
721
732
738
733
732
740
737
726
727
728
719
711
718
714
703
701
703
694
682
683
677
665
654
656
645
632
632
634
625
618
624
622
614
613
618
615
608
617
618
612
610
620
616
609
614
620
615
611
618
617
607
606
612
607
599
604
607
600
597
606
601
592
592
595
588
581
588
584
576
572
577
570
562
564
564
557
551
560
557
550
553
558
551
546
554
553
547
546
552
548
541
546
550
542
540
549
547
541
544
550
543
537
545
545
537
538
544
540
531
537
538
530
527
535
534
527
531
537
531
526
534
533
525
523
528
523
514
520
524
522
524
541
547
553
570
592
607
621
650
670
681
697
721
729
734
746
755
754
753
763
762
755
758
763
754
749
755
754
746
745
750
747
738
744
744
734
726
731
722
709
705
705
692
681
681
676
663
656
659
651
641
644
645
638
634
640
638
630
634
637
631
623
630
629
621
622
628
625
618
626
631
626
623
633
631
622
623
626
616
607
611
607
594
589
594
588
577
581
583
576
572
581
580
574
576
582
576
570
577
576
567
564
570
564
554
557
559
551
546
554
553
546
549
556
552
548
557
558
552
552
559
555
546
550
552
544
538
546
542
534
533
539
533
527
533
535
528
528
536
534
527
531
535
528
523
531
530
525
531
545
547
551
570
585
596
612
639
655
664
687
706
713
722
739
747
745
752
761
758
753
761
762
754
750
757
751
740
743
745
735
728
732
728
716
712
714
704
692
696
693
681
675
678
670
657
657
658
646
637
641
636
626
625
630
623
615
622
624
617
617
629
627
623
629
634
628
624
632
630
622
622
628
620
612
615
614
604
599
605
593
597
600
594
587
595
592
583
581
585
579
569
574
572
563
558
565
560
553
556
562
556
553
563
564
557
559
564
559
551
557
557
550
546
552
548
540
542
546
540
535
544
543
536
536
544
538
530
535
537
529
528
536
535
528
532
538
531
525
531
530
521
521
527
521
514
521
527
525
529
547
558
567
588
612
625
639
665
681
688
702
720
724
724
737
743
739
737
745
741
733
736
739
732
726
731
731
719
717
721
711
700
702
699
685
678
678
668
653
649
646
632
620
623
620
607
607
612
607
598
604
607
599
595
604
601
593
596
601
595
589
595
593
584
584
589
586
580
586
589
582
579
587
583
573
575
578
572
563
570
565
556
552
556
549
539
542
542
534
530
536
533
525
528
533
526
520
527
527
518
518
524
519
508
513
514
507
502
510
509
502
505
510
505
500
507
508
500
500
506
501
495
500
501
495
489
495
492
484
488
493
488
481
489
489
481
480
487
483
476
482
485
478
474
482
479
472
477
485
486
487
505
518
525
540
563
575
586
608
626
634
643
663
671
672
681
692
690
684
693
693
686
682
689
684
674
678
678
668
660
665
659
647
645
646
634
623
624
618
604
595
598
588
576
577
576
569
563
571
567
560
562
568
564
561
570
572
565
565
572
569
561
567
572
566
565
575
573
566
570
575
570
563
568
569
562
560
565
558
549
549
549
539
531
536
532
523
524
530
525
520
528
530
522
522
532
529
522
529
532
525
520
526
524
514
515
521
516
510
517
518
512
512
521
519
512
521
527
521
518
528
527
519
519
524
520
513
519
521
514
512
520
516
507
512
514
508
502
510
510
503
506
513
512
510
525
535
540
551
576
590
601
623
644
655
665
687
697
701
709
722
723
718
726
727
719
717
723
721
712
715
719
712
706
712
708
697
695
698
688
677
679
675
662
653
655
643
629
625
625
613
606
611
608
599
599
603
598
593
599
604
598
598
609
607
599
607
600
595
594
594
597
591
598
599
591
587
593
590
582
583
586
578
571
576
573
563
561
567
560
552
557
559
550
547
554
551
542
545
550
543
537
544
541
531
531
535
530
522
529
533
526
520
530
528
520
523
526
521
515
524
523
516
518
524
519
510
516
517
510
508
518
518
512
517
523
517
511
517
516
508
508
515
510
504
510
515
513
516
535
546
553
573
596
609
624
651
668
678
692
714
721
724
737
747
746
747
757
758
749
752
753
745
736
741
738
729
724
728
721
710
711
712
701
695
698
690
677
673
669
655
638
638
628
614
609
610
603
592
595
597
590
586
595
594
587
591
597
592
586
594
594
587
587
595
591
585
591
595
587
585
592
588
578
579
582
575
566
572
570
561
559
566
561
554
557
560
552
546
553
549
541
540
544
535
528
534
533
523
521
529
523
514
517
517
509
502
507
503
494
495
501
495
490
498
500
494
495
504
503
495
501
504
496
490
496
491
482
483
489
484
479
490
492
489
489
498
497
489
495
500
495
492
503
504
506
517
536
544
554
578
598
609
626
651
664
672
691
705
710
713
729
731
729
733
740
735
728
734
733
726
722
728
723
713
715
716
707
700
706
701
691
688
691
680
666
666
658
647
636
637
631
618
620
623
614
611
618
618
612
614
622
619
614
621
621
613
610
616
612
605
606
611
603
599
605
604
595
593
599
593
586
591
592
584
579
585
579
569
570
571
563
555
562
559
548
548
554
549
540
547
547
541
540
548
545
538
542
547
540
536
543
541
532
531
536
530
521
527
526
520
516
525
525
517
523
529
525
520
528
526
517
514
520
514
507
512
515
507
504
511
508
502
510
516
514
508
516
517
508
507
513
508
502
512
519
520
528
548
560
569
589
611
623
633
657
671
676
684
700
702
701
708
714
707
704
713
710
700
702
707
698
689
692
687
676
671
672
664
652
652
649
636
628
632
623
612
608
610
600
592
596
594
584
581
588
582
575
580
584
578
576
586
586
580
585
591
587
583
593
593
588
585
591
586
577
581
581
574
569
576
574
564
568
573
566
558
563
559
551
547
553
547
537
541
542
536
531
539
540
533
539
546
542
537
544
545
538
537
544
540
532
538
540
534
529
538
537
529
531
539
534
528
536
538
533
532
540
536
530
534
539
533
530
539
537
530
532
538
531
526
533
537
532
534
546
551
551
567
583
592
603
627
643
651
668
689
696
703
720
731
732
737
750
750
747
752
758
751
747
755
752
743
738
743
735
726
729
724
713
706
708
698
685
684
683
673
664
667
661
650
648
652
644
635
639
639
630
626
633
627
620
623
630
624
622
632
632
625
628
636
633
629
637
639
632
631
638
634
623
626
629
620
612
616
613
603
600
607
599
590
595
594
585
580
586
582
572
574
578
570
563
570
567
559
559
565
560
553
559
562
555
552
560
557
548
550
554
547
541
548
548
541
541
544
542
534
540
543
535
533
542
541
532
537
541
535
529
537
535
528
526
532
527
519
525
530
527
531
549
560
567
588
612
625
641
668
687
696
711
733
739
740
753
764
760
761
770
769
763
765
770
765
758
764
762
751
749
753
747
736
738
738
726
719
721
713
701
700
700
691
678
680
674
661
657
659
650
640
642
643
634
629
637
634
627
630
636
630
624
630
632
624
624
632
628
620
625
630
622
617
626
624
615
617
621
614
606
611
609
600
596
601
595
585
588
588
579
573
580
575
567
567
571
565
559
566
566
558
557
563
559
551
555
558
550
542
551
547
539
539
541
537
531
539
542
538
538
546
543
535
539
541
534
528
534
532
524
525
531
527
521
529
530
522
519
528
523
515
522
526
523
521
535
542
544
559
580
591
627
646
655
669
692
701
707
722
735
737
742
756
758
755
757
765
759
752
757
757
746
743
746
739
725
725
725
716
708
713
709
697
695
697
686
676
676
671
659
651
653
646
633
635
634
627
618
623
623
616
618
624
621
615
623
625
620
618
627
624
617
621
626
620
614
620
619
609
608
613
608
599
606
607
599
594
599
593
583
583
585
575
568
574
571
562
561
567
562
553
559
560
555
551
562
558
551
552
557
548
541
547
546
537
536
542
537
529
535
537
530
526
536
533
527
531
537
533
527
535
534
525
522
529
522
515
521
523
515
512
520
518
511
515
521
517
511
520
521
514
517
526
527
528
543
558
565
576
617
627
647
672
682
691
711
723
725
732
746
747
741
748
750
743
738
746
738
730
728
732
722
713
718
716
705
701
705
699
687
687
684
671
659
659
651
637
632
632
619
610
614
613
603
609
604
598
605
609
604
600
608
607
599
600
606
600
594
603
603
597
595
603
598
590
593
597
589
584
590
589
579
577
582
575
565
569
569
559
555
562
557
548
551
553
544
540
547
546
538
539
544
539
533
539
539
532
529
537
533
525
529
533
527
522
530
528
520
522
529
525
520
528
530
525
522
529
525
517
519
522
514
508
516
515
507
508
515
510
503
510
510
503
501
509
506
499
503
511
508
507
523
533
539
554
579
590
601
626
644
653
665
686
694
696
706
715
715
710
721
720
713
713
719
712
705
706
705
696
690
695
688
677
676
676
666
655
656
651
636
631
631
621
609
611
609
598
591
597
591
583
585
590
583
578
587
587
581
583
591
588
582
587
592
584
582
590
587
579
582
586
579
572
578
576
566
565
572
567
559
564
563
555
548
554
549
540
541
545
537
530
536
535
526
526
532
527
521
526
529
522
518
524
521
511
513
519
513
508
515
516
508
507
514
510
504
510
513
507
506
514
512
507
507
512
504
498
503
502
495
494
502
498
490
495
498
492
489
498
496
490
492
497
491
482
490
489
484
487
499
501
503
518
534
542
553
577
593
603
620
642
651
658
675
684
683
684
694
690
683
686
689
678
672
677
672
661
660
662
653
644
648
645
634
627
629
620
607
605
601
590
581
583
577
566
564
566
558
551
556
558
552
554
562
562
557
563
569
564
561
571
571
565
567
574
569
562
569
571
564
562
570
568
559
564
567
561
555
561
558
548
546
550
543
534
538
537
528
523
531
527
518
524
529
524
521
529
528
521
522
527
523
516
522
524
516
514
521
518
512
515
522
516
513
521
522
517
518
527
522
515
522
525
518
517
525
522
514
517
523
516
511
518
518
510
510
518
512
505
513
516
514
515
532
541
547
566
588
600
614
637
653
662
676
696
703
706
720
729
727
726
737
735
727
730
735
726
720
724
723
713
710
714
705
694
697
694
682
673
674
666
652
647
645
634
623
626
622
613
610
616
609
600
604
596
592
601
598
591
594
599
595
589
599
599
593
593
599
594
600
603
597
593
599
595
585
585
588
579
573
576
574
564
563
568
562
553
557
559
552
548
555
552
543
544
548
542
535
541
543
535
535
540
536
529
532
535
528
524
532
531
524
526
533
528
523
531
533
526
526
534
530
523
528
530
523
517
525
522
515
519
526
521
514
521
523
514
513
519
514
507
511
515
510
509
521
526
529
543
564
578
591
616
637
649
664
688
699
705
720
734
737
739
752
753
748
751
757
752
747
753
753
745
742
748
742
733
734
735
725
716
720
715
703
699
700
690
677
679
674
661
655
659
652
641
642
643
635
627
632
630
621
620
626
621
613
621
622
615
614
622
621
613
617
624
617
612
619
617
608
606
610
603
594
598
598
589
585
589
585
575
575
577
571
565
571
571
563
564
568
563
553
557
556
548
543
549
546
539
542
546
538
532
538
537
531
530
537
535
527
533
536
529
525
531
529
521
525
529
523
517
523
523
513
512
519
515
508
515
520
514
511
520
517
510
512
517
511
504
512
513
506
507
518
521
524
541
560
571
585
613
631
643
663
684
694
701
718
728
727
731
741
740
733
737
740
732
727
733
729
720
720
724
716
707
711
708
698
692
696
688
676
677
674
661
650
652
642
631
626
627
617
607
609
606
595
590
596
589
581
584
588
582
579
588
589
582
586
596
592
587
595
597
589
587
592
586
576
577
578
569
561
566
562
552
551
555
548
539
545
543
536
532
539
534
526
528
530
524
517
525
522
514
515
520
513
505
510
511
503
501
508
505
500
504
508
504
498
508
506
499
500
507
502
495
501
502
493
491
497
493
485
488
493
487
482
491
489
482
481
488
481
475
479
483
476
473
481
479
473
478
486
486
488
507
519
527
543
568
580
593
613
632
641
652
671
680
682
692
704
703
699
707
707
700
698
704
697
688
689
689
677
669
673
666
655
656
659
650
643
644
640
627
621
621
610
599
598
596
584
577
582
576
566
568
575
570
564
576
579
574
575
583
580
573
576
579
573
568
577
574
568
570
575
568
562
568
569
560
558
564
558
548
551
550
540
532
537
532
521
523
526
520
512
518
519
509
508
514
509
502
506
508
501
496
503
499
491
492
497
492
486
494
495
487
487
493
489
483
486
491
485
482
491
488
480
481
486
480
474
480
481
474
471
481
478
471
477
481
476
471
480
480
473
474
481
477
472
480
485
484
491
511
520
528
550
571
583
596
621
637
645
660
677
683
683
694
699
694
691
698
694
686
688
690
681
673
677
672
661
658
661
654
645
649
648
638
631
633
625
612
613
613
592
597
593
581
577
581
575
567
574
577
573
574
585
586
582
588
595
591
588
596
597
590
592
598
594
587
592
591
583
579
585
582
574
576
579
572
564
569
566
557
552
558
554
544
550
548
542
539
544
540
533
535
540
534
528
535
534
526
525
531
527
520
526
529
523
520
527
525
517
519
524
519
515
523
524
517
516
524
519
511
516
518
511
508
517
516
508
511
516
512
506
513
515
506
507
515
511
506
513
521
520
524
542
554
561
579
604
617
629
654
671
679
691
713
720
721
734
744
741
743
752
753
744
745
749
743
735
741
740
731
726
731
723
712
713
714
701
696
700
695
682
678
677
668
656
658
655
643
637
643
634
623
624
627
618
614
623
623
618
622
630
627
623
632
633
627
624
632
629
621
624
626
618
611
617
614
606
606
610
605
596
594
591
597
590
579
579
581
571
563
569
565
556
555
561
554
547
553
557
550
549
558
556
548
551
554
548
541
549
548
541
541
549
544
537
542
544
538
536
545
542
535
539
544
539
529
539
535
528
526
532
526
522
528
531
525
522
530
526
519
520
525
521
516
526
529
527
533
549
556
563
585
607
619
636
663
679
688
708
728
734
741
757
765
764
767
773
772
764
769
772
762
760
766
763
752
753
755
748
740
744
741
730
727
730
721
710
710
707
696
686
690
682
670
668
670
660
651
653
650
639
634
637
632
623
627
630
624
622
632
631
624
626
635
630
625
631
630
621
618
623
615
604
607
607
599
593
600
599
592
594
600
593
588
592
590
581
579
583
577
568
569
571
563
556
561
559
550
551
557
551
544
550
550
543
541
549
545
538
542
547
539
533
541
538
530
530
534
528
521
527
527
519
516
523
520
513
518
521
516
512
521
520
513
515
520
516
507
513
512
504
501
506
502
495
500
508
508
512
531
545
553
570
596
609
622
648
665
674
687
707
717
719
728
741
739
738
748
749
742
742
749
743
735
739
740
732
727
733
729
719
719
720
710
699
701
694
682
673
674
664
651
651
648
637
631
635
630
619
620
624
618
613
620
621
613
614
622
617
611
615
620
615
612
622
619
611
614
618
611
604
612
612
606
606
613
608
600
603
604
595
589
593
587
576
576
579
570
563
568
567
558
558
564
560
554
559
563
556
551
559
556
549
551
556
550
544
551
550
542
540
547
542
535
540
545
538
535
543
542
534
536
542
538
532
540
539
531
527
533
527
518
522
525
518
513
520
519
511
513
520
514
508
515
517
510
510
521
520
517
527
540
543
551
573
588
598
617
642
655
665
686
701
706
712
728
730
726
734
738
731
725
732
727
718
717
721
713
704
707
705
695
689
693
685
671
670
670
657
647
647
640
626
621
623
611
601
603
603
594
590
597
593
584
588
593
587
583
592
593
587
588
597
593
586
592
595
586
583
591
588
579
582
584
577
569
575
571
562
560
563
556
548
551
550
540
534
539
536
528
531
536
529
523
530
529
521
518
526
519
513
518
521
513
509
517
513
504
506
511
506
501
509
510
502
501
508
504
496
501
504
497
496
504
503
497
499
505
501
495
503
503
495
494
502
497
490
494
497
489
487
493
491
484
486
494
491
489
504
511
515
528
548
559
569
591
611
622
633
656
667
670
683
696
698
696
707
711
704
702
709
705
695
699
701
691
686
690
684
675
673
676
667
656
658
656
643
637
640
632
620
620
619
609
603
608
605
596
599
605
600
595
606
600
601
611
608
604
610
615
610
607
615
614
607
608
613
609
607
608
599
597
601
598
588
591
593
584
578
584
580
569
569
573
566
559
565
566
559
556
565
562
555
560
563
558
551
559
558
551
550
556
550
542
548
549
543
540
548
546
539
542
548
543
538
546
546
540
540
547
542
534
539
540
534
531
540
536
530
532
536
530
525
533
532
525
525
532
529
522
530
537
535
541
561
569
579
598
623
635
650
677
693
702
717
737
742
746
759
768
766
766
775
773
765
767
771
763
756
762
759
750
746
749
742
730
733
731
722
712
717
709
696
695
694
683
671
674
668
657
652
655
647
637
640
640
632
627
634
632
625
627
634
629
623
632
632
627
625
633
628
622
627
630
621
615
622
617
607
606
610
594
600
599
590
587
592
587
578
581
582
575
568
575
571
561
561
566
558
552
558
559
552
551
558
554
546
551
553
545
540
549
548
539
544
550
546
539
547
547
540
539
546
543
535
539
541
533
528
534
532
526
529
539
536
531
539
541
533
533
538
534
524
526
530
521
516
525
527
524
533
551
559
570
593
615
630
647
675
690
699
718
733
739
740
755
760
756
760
767
761
755
763
764
757
753
760
757
747
750
753
743
735
739
734
722
716
719
708
696
698
692
679
669
672
661
650
649
650
641
635
640
639
631
631
639
634
628
635
637
628
625
632
628
619
621
626
620
616
625
625
618
618
624
619
612
616
616
609
601
607
600
589
589
592
581
574
579
577
568
568
574
570
562
569
571
563
561
568
565
557
558
562
555
548
555
555
546
545
553
548
541
547
550
545
541
549
546
538
541
547
541
536
542
542
533
532
538
533
524
530
534
527
524
533
529
521
522
526
519
513
521
521
515
514
523
520
516
527
537
539
546
567
580
591
611
636
647
659
682
699
704
715
733
737
737
748
754
751
748
758
757
748
749
752
745
736
739
737
724
720
723
717
704
707
706
697
691
694
687
675
670
669
658
645
646
641
628
622
625
618
609
612
616
611
609
618
619
611
615
621
618
611
618
618
610
608
615
609
601
605
606
598
591
596
594
585
584
589
581
572
577
577
567
562
569
562
554
555
558
549
543
549
546
536
536
541
535
529
535
536
529
527
535
531
525
528
535
528
524
532
529
523
522
527
519
511
517
516
509
505
514
512
505
509
514
509
503
511
511
504
504
512
505
498
501
502
492
489
496
493
485
488
492
486
481
490
493
488
494
508
513
519
541
557
566
581
605
621
627
648
668
674
681
698
705
702
706
715
712
707
713
716
709
704
710
705
694
694
695
687
678
681
677
664
660
660
651
637
636
634
621
613
616
609
597
597
599
591
583
590
589
581
582
590
585
580
586
589
582
579
588
588
581
585
591
586
582
589
590
581
581
587
581
573
578
579
571
564
570
564
555
554
558
550
543
549
549
541
538
546
540
532
538
542
534
530
537
535
527
528
534
527
522
529
529
522
520
528
523
516
522
525
520
518
528
526
519
521
527
522
515
522
522
513
512
518
513
504
508
512
506
503
512
512
505
507
515
508
504
509
510
500
