547
547
548
548
547
548
549
548
547
548
549
549
548
549
549
547
549
549
548
547
550
549
549
548
549
549
547
550
549
548
549
550
550
548
550
551
549
549
550
550
549
549
551
550
549
551
550
549
549
551
549
550
551
552
550
550
552
551
550
551
552
551
550
551
552
550
551
552
552
550
552
552
551
551
552
552
551
552
552
551
551
553
553
551
551
552
553
551
552
553
552
551
553
554
552
553
554
552
552
554
554
552
552
553
553
552
553
552
553
552
554
554
552
553
554
553
552
553
554
552
553
554
554
553
555
555
552
553
554
555
552
554
555
554
553
556
554
553
554
555
555
552
554
555
554
553
555
555
554
555
556
554
554
559
568
578
592
607
616
623
630
634
632
627
622
614
594
586
577
571
572
575
583
595
604
608
608
609
605
598
678
797
898
908
829
740
671
623
592
570
559
552
547
543
542
542
540
539
540
540
539
539
541
540
540
540
541
540
539
542
541
540
541
542
540
540
542
573
721
944
1001
1001
1001
1000
1001
1001
1000
999
1000
1000
1000
1001
1001
1001
1001
1000
1000
1001
1000
1001
1001
1000
1000
1002
1001
983
791
655
564
506
467
444
430
421
413
410
410
406
404
404
405
403
402
405
403
446
628
941
1001
1001
1000
1000
1000
1001
1001
1001
1002
1001
1001
1001
1000
932
728
586
493
434
395
371
359
350
343
340
340
338
336
336
336
336
335
338
337
336
349
417
530
653
744
790
801
787
742
668
577
499
442
402
377
362
352
343
343
340
340
343
342
341
342
345
344
344
347
347
347
350
350
350
351
353
369
469
675
929
1002
1000
1000
1000
1001
1001
1001
1000
1000
1002
1001
1002
895
695
554
461
404
368
344
329
323
316
313
314
312
310
310
312
312
311
313
315
314
313
322
554
1003
1000
1001
1001
1000
1000
1001
1001
1000
1001
1000
1001
1001
953
719
551
441
369
322
295
280
268
260
258
256
253
253
255
253
252
254
254
256
255
281
634
1001
1000
1001
1000
999
1001
1002
1000
1000
1002
1001
1001
1001
1000
975
711
520
391
309
257
226
206
192
186
182
178
176
177
176
176
177
180
178
178
187
318
679
1003
1001
999
1001
1000
1000
1000
1002
1000
1000
1002
1001
898
666
484
360
277
223
191
172
163
162
162
161
161
161
161
161
161
162
161
162
162
165
304
695
1002
1000
1001
1001
1001
1001
1001
1000
1000
1003
812
587
424
312
240
198
170
163
161
159
159
159
159
160
159
159
160
160
159
160
160
160
160
161
249
624
1001
1000
1000
1001
1000
1000
1001
1000
1000
1000
1002
1001
1001
789
548
384
274
204
166
159
159
157
157
158
157
156
157
157
157
157
157
158
157
157
157
158
159
158
159
158
158
158
278
705
1003
1001
1001
1000
1000
1001
1000
1000
1001
1002
1000
1001
961
754
553
396
284
210
168
160
159
158
158
158
156
155
157
156
157
157
157
157
157
158
157
157
157
157
157
156
158
187
573
1002
1001
1000
1001
1001
1001
1001
1001
1001
822
599
431
313
233
186
165
159
160
159
158
157
158
158
159
158
159
160
159
158
159
160
159
158
159
160
159
160
160
160
162
161
160
161
162
162
163
163
164
164
163
165
166
166
167
170
171
171
173
176
178
178
181
185
185
185
189
190
190
193
196
197
197
200
202
203
205
208
209
209
213
214
216
217
219
221
221
223
224
227
227
231
232
233
234
237
237
238
241
243
244
245
248
249
249
252
254
255
256
259
259
259
262
265
265
265
269
270
270
271
275
276
275
278
280
281
282
284
286
286
287
290
291
291
294
296
296
296
299
300
302
302
305
305
306
308
310
310
310
313
313
314
317
319
318
320
322
323
322
324
326
326
328
330
331
331
333
335
335
336
338
339
339
339
342
344
343
347
348
347
350
351
352
352
355
355
354
357
359
358
359
362
362
362
363
367
365
366
368
369
369
371
373
372
372
374
377
376
377
380
379
380
381
382
383
382
385
387
386
387
389
389
389
391
392
392
392
395
396
395
396
399
399
398
400
402
401
401
404
404
404
406
407
408
407
410
410
409
411
412
414
413
414
416
416
416
418
418
418
420
421
420
421
423
423
423
425
427
426
435
525
749
1003
1000
1001
1000
1001
1000
1000
1001
1000
1001
1000
1000
1002
1001
1001
1001
1003
826
673
565
493
445
414
397
386
378
373
372
370
367
367
368
367
366
368
368
369
368
371
370
369
371
373
373
372
375
375
374
375
377
378
377
379
379
379
381
382
382
401
514
701
856
920
927
919
909
871
794
689
590
516
466
433
413
401
392
387
386
384
383
382
384
383
383
384
386
385
385
387
388
387
389
390
390
390
391
393
392
393
396
396
395
396
398
398
398
401
401
401
402
403
404
404
405
407
407
406
410
409
409
409
411
412
411
413
414
413
414
417
417
417
418
419
419
418
419
422
421
422
425
424
423
426
427
426
427
428
429
428
430
431
431
432
434
434
433
434
436
435
435
437
438
442
453
470
480
483
482
475
465
460
465
472
466
459
456
451
448
449
448
447
445
449
449
448
450
451
450
451
453
453
452
453
455
454
454
455
457
455
456
459
459
525
906
1000
1000
1001
1001
999
1000
1001
1001
1001
1000
1001
1001
1002
925
741
613
529
477
446
423
410
404
398
394
393
392
392
389
391
391
390
389
391
391
390
392
393
392
392
395
394
393
394
396
397
395
398
399
398
397
401
401
399
401
402
402
402
404
405
416
703
1001
1001
1000
1000
999
1002
1000
1002
1001
1000
1001
970
767
622
529
467
426
401
388
378
371
369
367
364
363
364
363
362
364
364
364
363
365
366
363
365
367
366
366
368
368
368
369
371
371
370
372
373
373
373
375
376
375
375
378
378
378
380
381
380
381
383
383
383
384
386
385
385
389
388
388
390
391
391
391
393
394
393
394
396
396
397
397
399
399
399
401
402
401
403
404
404
403
407
408
406
407
409
410
407
411
412
412
411
414
415
414
416
417
417
417
418
419
419
419
422
423
421
423
424
424
424
427
428
426
426
429
430
428
430
432
430
431
433
434
433
434
436
436
435
437
438
437
438
440
439
440
441
442
441
442
445
445
443
445
447
446
445
448
448
448
449
450
451
450
453
453
452
452
454
454
453
455
456
456
456
458
457
457
458
459
460
460
461
462
462
462
464
464
462
464
464
465
465
466
468
466
467
468
469
468
470
471
469
469
472
472
471
472
475
474
473
475
475
475
475
477
476
476
478
478
478
479
480
479
479
480
482
481
480
483
484
482
483
485
484
482
485
486
486
485
488
487
487
487
489
489
487
489
490
489
489
492
491
490
491
493
492
493
494
494
493
494
495
496
494
496
497
495
496
498
498
496
498
498
496
497
498
499
499
499
500
498
499
502
502
501
502
502
503
502
504
504
503
504
505
505
504
505
507
506
505
507
508
507
507
508
508
507
509
510
509
508
511
509
510
510
512
511
510
512
512
512
511
514
513
512
513
513
514
513
516
515
514
516
516
516
515
518
517
516
518
518
517
517
518
519
519
518
520
521
518
520
521
520
520
522
521
520
586
942
1002
1001
1000
1000
1000
1000
1000
1001
1000
1001
1000
1001
1001
1000
1001
984
802
674
585
529
495
473
456
447
442
438
434
433
433
431
430
432
431
430
429
431
429
429
431
431
430
429
432
430
429
430
432
431
431
432
433
431
433
434
434
434
435
437
442
660
1000
1000
1001
1000
1000
1001
1000
1001
1001
1002
1000
1000
1000
1002
905
718
586
501
448
414
391
379
372
364
360
359
358
356
356
357
355
355
356
357
356
355
358
359
358
358
359
359
359
362
363
362
362
364
363
363
365
366
366
366
369
370
368
370
372
372
371
374
374
373
375
377
377
377
380
381
380
380
382
383
383
383
385
385
384
387
388
388
389
391
391
390
393
393
393
394
394
397
397
397
399
398
398
401
402
401
402
404
403
403
405
408
406
407
409
409
409
410
412
411
411
414
415
414
414
417
417
416
417
422
449
522
619
715
801
888
986
1003
1002
1001
1000
1000
999
1000
1000
1000
1000
1000
1000
1001
1000
1001
1000
1001
1000
1001
1001
863
672
541
457
405
372
349
338
330
323
320
320
318
317
316
318
317
316
319
319
318
318
320
320
320
322
323
322
323
325
325
325
327
329
329
329
331
333
331
333
335
335
337
487
989
1001
1000
1000
1000
999
1000
1000
1000
1000
1000
1001
1001
1000
1002
1001
1001
989
772
591
462
377
321
285
264
251
241
237
235
233
231
231
231
232
231
234
235
232
234
237
237
237
239
241
241
241
245
246
246
246
250
249
251
253
254
254
255
258
259
259
262
264
263
264
267
268
268
269
272
273
272
275
278
278
278
281
282
283
283
286
286
288
290
292
291
294
295
295
296
298
300
299
301
304
304
304
306
309
308
309
312
313
313
314
317
318
318
320
322
321
322
325
326
326
328
330
330
330
333
334
333
335
338
338
337
340
342
342
343
345
347
349
349
349
352
353
